4 2 0
6 2 0
8 2 0
9 2 0
10 2 0
12 3 0
14 2 0
15 2 0
16 4 0
18 3 0
20 3 0
21 2 0
22 2 0
24 6 0
25 2 0
26 2 0
27 2 0
28 3 0
30 4 0
32 6 0
33 2 0
34 2 0
35 2 0
36 8 0
38 2 0
39 2 0
40 6 0
42 4 0
44 3 0
45 3 0
46 2 0
48 11 0
49 2 0
50 3 0
51 2 0
52 3 0
54 6 0
55 2 0
56 6 0
57 2 0
58 2 0
60 10 0
62 2 0
63 3 0
64 10 0
65 2 0
66 4 0
68 3 0
69 2 0
70 4 0
72 15 0
74 2 0
75 3 0
76 3 0
77 2 0
78 4 0
80 11 0
81 4 0
82 2 0
84 10 0
85 2 0
86 2 0
87 2 0
88 6 0
90 10 0
91 2 0
92 3 0
93 2 0
94 2 0
95 2 0
96 18 0
98 3 0
99 3 0
100 8 0
102 4 0
104 6 0
105 4 0
106 2 0
108 15 0
110 4 0
111 2 0
112 11 0
114 4 0
115 2 0
116 3 0
117 3 0
118 2 0
119 2 0
120 20 0
121 2 0
122 2 0
123 2 0
124 3 0
125 2 0
126 10 0
128 14 0
129 2 0
130 4 0
132 10 0
133 2 0
134 2 0
135 6 0
136 6 0
138 4 0
140 10 0
141 2 0
142 2 0
143 2 0
144 28 0
145 2 0
146 2 0
147 3 0
148 3 0
150 10 0
152 6 0
153 3 0
154 4 0
155 2 0
156 10 0
158 2 0
159 2 0
160 18 0
161 2 0
162 11 0
164 3 0
165 4 0
166 2 0
168 20 0
169 2 0
170 4 0
171 3 0
172 3 0
174 4 0
175 3 0
176 11 0
177 2 0
178 2 0
180 25 0
182 4 0
183 2 0
184 6 0
185 2 0
186 4 0
187 2 0
188 3 0
189 6 0
190 4 0
192 29 0
194 2 0
195 4 0
196 8 0
198 10 0
200 15 0
