2001 4 0
2002 14 0
2004 10 0
2005 2 0
2006 4 0
2007 3 0
2008 6 0
2009 3 0
2010 14 0
2012 3 0
2013 4 0
2014 4 0
2015 4 0
2016 170 0
2018 2 0
2019 2 0
2020 10 0
2021 2 0
2022 4 0
2023 3 0
2024 20 0
2025 28 0
2026 2 0
2028 25 0
2030 14 0
2031 2 0
2032 11 0
2033 2 0
2034 10 0
2035 4 0
2036 3 0
2037 4 0
2038 2 0
2040 73 0
2041 2 0
2042 2 0
2043 3 0
2044 10 0
2045 2 0
2046 14 0
2047 2 0
2048 55 0
2049 2 0
2050 10 0
2051 2 0
2052 51 0
2054 4 0
2055 4 0
2056 6 0
2057 3 0
2058 20 0
2059 2 0
2060 10 0
2061 3 0
2062 2 0
2064 37 0
2065 4 0
2066 2 0
2067 4 0
2068 10 0
2070 35 0
2071 2 0
2072 20 0
2073 2 0
2074 4 0
2075 3 0
2076 10 0
2077 2 0
2078 2 0
2079 20 0
2080 63 0
2082 4 0
2084 3 0
2085 4 0
2086 4 0
2088 51 0
2090 14 0
2091 4 0
2092 3 0
2093 4 0
2094 4 0
2095 2 0
2096 11 0
2097 3 0
2098 2 0
2100 91 0
2101 2 0
2102 2 0
2103 2 0
2104 6 0
2105 2 0
2106 37 0
2107 3 0
2108 10 0
2109 4 0
2110 4 0
2112 104 0
2114 4 0
2115 10 0
2116 8 0
2117 2 0
2118 4 0
2119 2 0
2120 20 0
2121 4 0
2122 2 0
2123 2 0
2124 25 0
2125 6 0
2126 2 0
2127 2 0
2128 37 0
2130 14 0
2132 10 0
2133 6 0
2134 4 0
2135 4 0
2136 20 0
2138 2 0
2139 4 0
2140 10 0
2142 35 0
2144 18 0
2145 14 0
2146 4 0
2147 2 0
2148 10 0
2149 2 0
2150 10 0
2151 3 0
2152 6 0
2154 4 0
2155 2 0
2156 25 0
2157 2 0
2158 4 0
2159 2 0
2160 211 0
2162 4 0
2163 4 0
2164 3 0
2165 2 0
2166 10 0
2167 2 0
2168 6 0
2169 3 0
2170 14 0
2171 2 0
2172 10 0
2173 2 0
2174 2 0
2175 10 0
2176 44 0
2177 2 0
2178 25 0
2180 10 0
2181 2 0
2182 2 0
2183 2 0
2184 73 0
2185 4 0
2186 2 0
2187 14 0
2188 3 0
2189 2 0
2190 14 0
2191 2 0
2192 11 0
2193 4 0
2194 2 0
2195 2 0
2196 25 0
2197 2 0
2198 4 0
2199 2 0
2200 51 0
2201 2 0
2202 4 0
2204 10 0
2205 25 0
2206 2 0
2208 63 0
2209 2 0
2210 14 0
2211 4 0
2212 10 0
2214 20 0
2215 2 0
2216 6 0
2217 2 0
2218 2 0
2219 2 0
2220 35 0
2222 4 0
2223 10 0
2224 11 0
2225 3 0
2226 14 0
2227 2 0
2228 3 0
2229 2 0
2230 4 0
2231 2 0
2232 51 0
2233 4 0
2234 2 0
2235 4 0
2236 10 0
2238 4 0
2240 104 0
2241 6 0
2242 4 0
2244 35 0
2245 2 0
2246 2 0
2247 4 0
2248 6 0
2249 2 0
2250 51 0
2252 3 0
2253 2 0
2254 10 0
2255 4 0
2256 37 0
2257 2 0
2258 2 0
2259 3 0
2260 10 0
2261 4 0
2262 14 0
2263 2 0
2264 6 0
2265 4 0
2266 4 0
2268 97 0
2270 4 0
2271 2 0
2272 18 0
2274 4 0
2275 10 0
2276 3 0
2277 10 0
2278 4 0
2279 2 0
2280 73 0
2282 4 0
2283 2 0
2284 3 0
2285 2 0
2286 10 0
2288 37 0
2289 4 0
2290 4 0
2291 2 0
2292 10 0
2294 4 0
2295 20 0
2296 20 0
2298 4 0
2299 3 0
2300 25 0
2301 4 0
2302 2 0
2303 3 0
2304 180 0
2305 2 0
2306 2 0
2307 2 0
2308 3 0
2310 51 0
2312 15 0
2313 3 0
2314 4 0
2315 2 0
2316 10 0
2317 2 0
2318 4 0
2319 2 0
2320 37 0
2321 2 0
2322 20 0
2323 2 0
2324 10 0
2325 10 0
2326 2 0
2327 2 0
2328 20 0
2329 2 0
2330 4 0
2331 10 0
2332 10 0
2334 4 0
2335 2 0
2336 18 0
2337 4 0
2338 4 0
2340 91 0
2342 2 0
2343 4 0
2344 6 0
2345 4 0
2346 14 0
2348 3 0
2349 11 0
2350 10 0
2352 97 0
2353 2 0
2354 4 0
2355 4 0
2356 10 0
2358 10 0
2359 2 0
2360 20 0
2361 2 0
2362 2 0
2363 2 0
2364 10 0
2365 4 0
2366 10 0
2367 3 0
2368 29 0
2369 2 0
2370 14 0
2372 3 0
2373 4 0
2374 2 0
2375 6 0
2376 108 0
2378 4 0
2379 4 0
2380 35 0
2382 4 0
2384 11 0
2385 10 0
2386 2 0
2387 4 0
2388 10 0
2390 4 0
2391 2 0
2392 20 0
2394 35 0
2395 2 0
2396 3 0
2397 4 0
2398 4 0
2400 170 0
2401 4 0
2402 2 0
2403 6 0
2404 3 0
2405 4 0
2406 4 0
2407 2 0
2408 20 0
2409 4 0
2410 4 0
2412 25 0
2413 2 0
2414 4 0
2415 14 0
2416 11 0
2418 14 0
2419 2 0
2420 25 0
2421 3 0
2422 4 0
2424 20 0
2425 3 0
2426 2 0
2427 2 0
2428 3 0
2429 2 0
2430 63 0
2431 4 0
2432 44 0
2433 2 0
2434 2 0
2435 2 0
2436 35 0
2438 4 0
2439 3 0
2440 20 0
2442 14 0
2443 2 0
2444 10 0
2445 4 0
2446 2 0
2448 97 0
2449 2 0
2450 25 0
2451 4 0
2452 3 0
2453 2 0
2454 4 0
2455 2 0
2456 6 0
2457 20 0
2458 2 0
2460 35 0
2461 2 0
2462 2 0
2463 2 0
2464 63 0
2465 4 0
2466 10 0
2468 3 0
2469 2 0
2470 14 0
2471 2 0
2472 20 0
2474 2 0
2475 25 0
2476 3 0
2478 14 0
2479 2 0
2480 37 0
2481 2 0
2482 4 0
2483 2 0
2484 51 0
2485 4 0
2486 4 0
2487 2 0
2488 6 0
2489 2 0
2490 14 0
2491 2 0
2492 10 0
2493 3 0
2494 4 0
2495 2 0
2496 104 0
2497 2 0
2498 2 0
2499 10 0
2500 28 0
2501 2 0
2502 10 0
2504 6 0
2505 4 0
2506 4 0
2507 2 0
2508 35 0
2509 2 0
2510 4 0
2511 11 0
2512 11 0
2513 2 0
2514 4 0
2515 2 0
2516 10 0
2517 2 0
2518 2 0
2519 2 0
2520 197 0
2522 4 0
2523 3 0
2524 3 0
2525 3 0
2526 4 0
2527 3 0
2528 18 0
2529 3 0
2530 14 0
2532 10 0
2533 2 0
2534 4 0
2535 10 0
2536 6 0
2537 2 0
2538 20 0
2540 10 0
2541 10 0
2542 4 0
2544 37 0
2545 2 0
2546 4 0
2547 3 0
2548 25 0
2550 35 0
2552 20 0
2553 4 0
2554 2 0
2555 4 0
2556 25 0
2558 2 0
2559 2 0
2560 96 0
2561 2 0
2562 14 0
2563 2 0
2564 3 0
2565 20 0
2566 2 0
2567 2 0
2568 20 0
2569 2 0
2570 4 0
2571 2 0
2572 3 0
2573 2 0
2574 35 0
2575 3 0
2576 37 0
2577 2 0
2578 2 0
2580 35 0
2581 2 0
2582 2 0
2583 10 0
2584 20 0
2585 4 0
2586 4 0
2587 2 0
2588 3 0
2589 2 0
2590 14 0
2592 188 0
2594 2 0
2595 4 0
2596 10 0
2597 3 0
2598 4 0
2599 2 0
2600 51 0
2601 8 0
2602 2 0
2603 2 0
2604 35 0
2605 2 0
2606 2 0
2607 4 0
2608 11 0
2610 35 0
2611 2 0
2612 3 0
2613 4 0
2614 2 0
2615 2 0
2616 20 0
2618 14 0
2619 6 0
2620 10 0
2622 14 0
2623 2 0
2624 29 0
2625 20 0
2626 4 0
2627 2 0
2628 25 0
2629 2 0
2630 4 0
2631 2 0
2632 20 0
2634 4 0
2635 4 0
2636 3 0
2637 3 0
2638 2 0
2639 4 0
2640 140 0
2641 2 0
2642 2 0
2643 2 0
2644 3 0
2645 3 0
2646 51 0
2648 6 0
2649 2 0
2650 10 0
2651 2 0
2652 35 0
2653 2 0
2654 2 0
2655 10 0
2656 18 0
2658 4 0
2660 35 0
2661 2 0
2662 6 0
2664 51 0
2665 4 0
2666 4 0
2667 4 0
2668 10 0
2669 2 0
2670 14 0
2672 11 0
2673 18 0
2674 4 0
2675 3 0
2676 10 0
2678 4 0
2679 4 0
2680 20 0
2681 2 0
2682 10 0
2684 10 0
2685 4 0
2686 4 0
2688 164 0
2690 4 0
2691 10 0
2692 3 0
2694 4 0
2695 10 0
2696 6 0
2697 4 0
2698 4 0
2700 136 0
2701 2 0
2702 4 0
2703 4 0
2704 28 0
2705 2 0
2706 14 0
2708 3 0
2709 10 0
2710 4 0
2712 20 0
2714 4 0
2715 4 0
2716 10 0
2717 4 0
2718 10 0
2720 63 0
2721 2 0
2722 2 0
2723 2 0
2724 10 0
2725 3 0
2726 4 0
2727 6 0
2728 20 0
2730 51 0
2732 3 0
2733 2 0
2734 2 0
2735 2 0
2736 97 0
2737 4 0
2738 3 0
2739 4 0
2740 10 0
2742 4 0
2743 2 0
2744 30 0
2745 10 0
2746 2 0
2747 2 0
2748 10 0
2750 20 0
2751 4 0
2752 29 0
2754 37 0
2755 4 0
2756 10 0
2757 2 0
2758 4 0
2759 2 0
2760 73 0
2761 2 0
2762 2 0
2763 3 0
2764 3 0
2765 4 0
2766 4 0
2768 11 0
2769 4 0
2770 4 0
2771 2 0
2772 91 0
2773 2 0
2774 4 0
2775 10 0
2776 6 0
2778 4 0
2779 2 0
2780 10 0
2781 6 0
2782 4 0
2783 3 0
2784 63 0
2785 2 0
2786 4 0
2787 2 0
2788 10 0
2790 35 0
2792 6 0
2793 10 0
2794 4 0
2795 4 0
2796 10 0
2798 2 0
2799 3 0
2800 97 0
2802 4 0
2804 3 0
2805 14 0
2806 4 0
2807 2 0
2808 108 0
2809 2 0
2810 4 0
2811 2 0
2812 10 0
2813 2 0
2814 14 0
2815 2 0
2816 66 0
2817 3 0
2818 2 0
2820 35 0
2821 4 0
2822 4 0
2823 2 0
2824 6 0
2825 3 0
2826 10 0
2827 2 0
2828 10 0
2829 4 0
2830 4 0
2831 2 0
2832 37 0
2834 4 0
2835 37 0
2836 3 0
2838 14 0
2839 2 0
2840 20 0
2841 2 0
2842 10 0
2844 25 0
2845 2 0
2846 2 0
2847 4 0
2848 18 0
2849 4 0
2850 35 0
2852 10 0
2853 3 0
2854 2 0
2855 2 0
2856 73 0
2858 2 0
2859 2 0
2860 35 0
2862 20 0
2863 2 0
2864 11 0
2865 4 0
2866 2 0
2867 2 0
2868 10 0
2869 2 0
2870 14 0
2871 10 0
2872 6 0
2873 3 0
2874 4 0
2875 6 0
2876 3 0
2877 4 0
2878 2 0
2880 288 0
2881 2 0
2882 4 0
2883 3 0
2884 10 0
2885 2 0
2886 14 0
2888 15 0
2889 6 0
2890 10 0
2891 3 0
2892 10 0
2893 2 0
2894 2 0
2895 4 0
2896 11 0
2898 35 0
2899 2 0
2900 25 0
2901 2 0
2902 2 0
2904 51 0
2905 4 0
2906 2 0
2907 10 0
2908 3 0
2910 14 0
2911 2 0
2912 63 0
2913 2 0
2914 4 0
2915 4 0
2916 76 0
2918 2 0
2919 4 0
2920 20 0
2921 2 0
2922 4 0
2923 2 0
2924 10 0
2925 25 0
2926 14 0
2928 37 0
2929 2 0
2930 4 0
2931 2 0
2932 3 0
2933 2 0
2934 10 0
2935 2 0
2936 6 0
2937 4 0
2938 4 0
2940 91 0
2941 2 0
2942 2 0
2943 6 0
2944 44 0
2945 4 0
2946 4 0
2947 2 0
2948 10 0
2949 2 0
2950 10 0
2951 2 0
2952 51 0
2954 4 0
2955 4 0
2956 3 0
2958 14 0
2959 2 0
2960 37 0
2961 10 0
2962 2 0
2964 35 0
2965 2 0
2966 2 0
2967 4 0
2968 20 0
2970 73 0
2972 3 0
2973 2 0
2974 2 0
2975 10 0
2976 63 0
2977 2 0
2978 2 0
2979 3 0
2980 10 0
2981 2 0
2982 14 0
2983 2 0
2984 6 0
2985 4 0
2986 2 0
2987 2 0
2988 25 0
2989 3 0
2990 14 0
2991 2 0
2992 37 0
2993 2 0
2994 4 0
2995 2 0
2996 10 0
2997 11 0
2998 2 0
3000 108 0
