5001 2 0
5002 4 0
5004 25 0
5005 14 0
5006 2 0
5007 2 0
5008 11 0
5010 14 0
5012 10 0
5013 3 0
5014 4 0
5015 4 0
5016 73 0
5017 2 0
5018 4 0
5019 4 0
5020 10 0
5022 37 0
5024 18 0
5025 10 0
5026 4 0
5027 2 0
5028 10 0
5029 2 0
5030 4 0
5031 10 0
5032 20 0
5033 2 0
5034 4 0
5035 4 0
5036 3 0
5037 4 0
5038 4 0
5040 391 0
5041 2 0
5042 2 0
5043 3 0
5044 10 0
5045 2 0
5046 10 0
5047 3 0
5048 6 0
5049 20 0
5050 10 0
5052 10 0
5053 2 0
5054 10 0
5055 4 0
5056 29 0
5057 2 0
5058 10 0
5060 35 0
5061 4 0
5062 2 0
5063 2 0
5064 20 0
5065 2 0
5066 4 0
5067 3 0
5068 10 0
5069 2 0
5070 35 0
5071 2 0
5072 11 0
5073 4 0
5074 4 0
5075 10 0
5076 51 0
5078 2 0
5079 2 0
5080 20 0
5082 35 0
5083 4 0
5084 10 0
5085 10 0
5086 2 0
5088 63 0
5089 2 0
5090 4 0
5091 2 0
5092 10 0
5093 2 0
5094 10 0
5095 2 0
5096 51 0
5097 2 0
5098 2 0
5100 91 0
5102 2 0
5103 29 0
5104 37 0
5105 2 0
5106 14 0
5108 3 0
5109 4 0
5110 14 0
5111 2 0
5112 51 0
5114 2 0
5115 14 0
5116 3 0
5117 4 0
5118 4 0
5120 138 0
5121 3 0
5122 4 0
5123 2 0
5124 35 0
5125 6 0
5126 4 0
5127 2 0
5128 6 0
5129 2 0
5130 73 0
5131 2 0
5132 3 0
5133 4 0
5134 4 0
5135 4 0
5136 37 0
5137 2 0
5138 4 0
5139 3 0
5140 10 0
5141 2 0
5142 4 0
5143 2 0
5144 6 0
5145 20 0
5146 4 0
5148 91 0
5149 2 0
5150 10 0
5151 4 0
5152 63 0
5154 4 0
5155 2 0
5156 3 0
5157 6 0
5158 2 0
5159 4 0
5160 73 0
5161 2 0
5162 4 0
5163 2 0
5164 3 0
5165 2 0
5166 35 0
5168 37 0
5169 2 0
5170 14 0
5172 10 0
5173 2 0
5174 4 0
5175 25 0
5176 6 0
5177 2 0
5178 4 0
5180 35 0
5181 4 0
5182 2 0
5183 2 0
5184 322 0
5185 4 0
5186 2 0
5187 14 0
5188 3 0
5190 14 0
5191 2 0
5192 20 0
5193 3 0
5194 10 0
5195 2 0
5196 10 0
5198 4 0
5199 2 0
5200 97 0
5201 2 0
5202 25 0
5203 3 0
5204 3 0
5205 4 0
5206 4 0
5207 2 0
5208 73 0
5210 4 0
5211 6 0
5212 3 0
5213 2 0
5214 14 0
5215 4 0
5216 18 0
5217 4 0
5218 2 0
5219 2 0
5220 91 0
5221 2 0
5222 4 0
5223 2 0
5224 6 0
5225 10 0
5226 14 0
5228 3 0
5229 10 0
5230 4 0
5232 37 0
5234 2 0
5235 4 0
5236 35 0
5238 20 0
5239 3 0
5240 20 0
5241 2 0
5242 2 0
5243 3 0
5244 35 0
5245 2 0
5246 4 0
5247 10 0
5248 44 0
5249 2 0
5250 73 0
5251 2 0
5252 10 0
5253 4 0
5254 4 0
5255 2 0
5256 51 0
5257 2 0
5258 4 0
5259 2 0
5260 10 0
5262 4 0
5263 2 0
5264 37 0
5265 37 0
5266 2 0
5267 2 0
5268 10 0
5269 2 0
5270 14 0
5271 4 0
5272 6 0
5274 10 0
5275 3 0
5276 3 0
5277 2 0
5278 14 0
5280 249 0
5282 4 0
5283 3 0
5284 3 0
5285 4 0
5286 4 0
5287 2 0
5288 6 0
5289 4 0
5290 10 0
5291 4 0
5292 136 0
5293 2 0
5294 2 0
5295 4 0
5296 11 0
5298 4 0
5299 2 0
5300 25 0
5301 10 0
5302 4 0
5304 73 0
5305 2 0
5306 4 0
5307 4 0
5308 3 0
5310 35 0
5311 2 0
5312 29 0
5313 14 0
5314 2 0
5315 2 0
5316 10 0
5317 2 0
5318 2 0
5319 6 0
5320 73 0
5321 2 0
5322 4 0
5324 15 0
5325 10 0
5326 2 0
5327 2 0
5328 97 0
5329 2 0
5330 14 0
5331 2 0
5332 10 0
5334 14 0
5335 4 0
5336 20 0
5337 3 0
5338 4 0
5339 2 0
5340 35 0
5341 3 0
5342 2 0
5343 4 0
5344 18 0
5345 2 0
5346 63 0
5348 10 0
5349 2 0
5350 10 0
5352 20 0
5353 2 0
5354 2 0
5355 35 0
5356 10 0
5357 2 0
5358 14 0
5359 2 0
5360 37 0
5361 2 0
5362 4 0
5363 2 0
5364 25 0
5365 4 0
5366 2 0
5367 2 0
5368 20 0
5369 4 0
5370 14 0
5371 2 0
5372 10 0
5373 6 0
5374 2 0
5375 6 0
5376 253 0
5377 2 0
5378 2 0
5379 4 0
5380 10 0
5382 35 0
5383 2 0
5384 6 0
5385 4 0
5386 2 0
5388 10 0
5389 2 0
5390 35 0
5391 3 0
5392 11 0
5394 14 0
5395 4 0
5396 10 0
5397 4 0
5398 2 0
5400 299 0
5401 2 0
5402 4 0
5403 2 0
5404 10 0
5405 4 0
5406 14 0
5408 46 0
5409 3 0
5410 4 0
5411 2 0
5412 35 0
5414 2 0
5415 10 0
5416 6 0
5418 35 0
5420 10 0
5421 4 0
5422 2 0
5423 4 0
5424 37 0
5425 10 0
5426 2 0
5427 11 0
5428 10 0
5429 2 0
5430 14 0
5432 20 0
5433 2 0
5434 14 0
5435 2 0
5436 25 0
5438 2 0
5439 10 0
5440 104 0
5442 4 0
5444 3 0
5445 25 0
5446 4 0
5447 2 0
5448 20 0
5450 10 0
5451 4 0
5452 10 0
5453 4 0
5454 20 0
5455 2 0
5456 37 0
5457 4 0
5458 2 0
5459 2 0
5460 134 0
5461 2 0
5462 2 0
5463 3 0
5464 6 0
5465 2 0
5466 4 0
5467 4 0
5468 3 0
5469 2 0
5470 4 0
5472 170 0
5473 2 0
5474 14 0
5475 10 0
5476 8 0
5478 14 0
5480 20 0
5481 20 0
5482 2 0
5484 10 0
5485 2 0
5486 4 0
5487 4 0
5488 56 0
5489 2 0
5490 35 0
5491 3 0
5492 3 0
5493 2 0
5494 4 0
5495 4 0
5496 20 0
5497 2 0
5498 2 0
5499 10 0
5500 51 0
5502 14 0
5504 44 0
5505 4 0
5506 2 0
5508 97 0
5509 2 0
5510 14 0
5511 4 0
5512 20 0
5513 2 0
5514 4 0
5515 2 0
5516 10 0
5517 3 0
5518 4 0
5520 140 0
5522 4 0
5523 4 0
5524 3 0
5525 10 0
5526 10 0
5528 6 0
5529 4 0
5530 14 0
5532 10 0
5533 2 0
5534 2 0
5535 20 0
5536 18 0
5537 3 0
5538 14 0
5539 2 0
5540 10 0
5541 2 0
5542 4 0
5543 2 0
5544 197 0
5545 2 0
5546 4 0
5547 3 0
5548 10 0
5549 2 0
5550 35 0
5551 4 0
5552 11 0
5553 3 0
5554 2 0
5555 4 0
5556 10 0
5558 4 0
5559 4 0
5560 20 0
5561 2 0
5562 20 0
5564 10 0
5565 14 0
5566 10 0
5567 2 0
5568 104 0
5570 4 0
5571 3 0
5572 10 0
5574 4 0
5575 3 0
5576 20 0
5577 10 0
5578 2 0
5579 2 0
5580 91 0
5582 2 0
5583 2 0
5584 11 0
5585 2 0
5586 35 0
5587 2 0
5588 10 0
5589 18 0
5590 14 0
5592 20 0
5593 4 0
5594 2 0
5595 4 0
5596 3 0
5597 2 0
5598 10 0
5599 2 0
5600 170 0
5601 2 0
5602 2 0
5603 2 0
5604 10 0
5605 4 0
5606 2 0
5607 10 0
5608 6 0
5609 2 0
5610 51 0
5611 2 0
5612 10 0
5613 2 0
5614 4 0
5615 2 0
5616 211 0
5617 2 0
5618 3 0
5619 2 0
5620 10 0
5621 4 0
5622 4 0
5624 20 0
5625 28 0
5626 4 0
5627 2 0
5628 35 0
5629 2 0
5630 4 0
5631 2 0
5632 96 0
5633 2 0
5634 10 0
5635 10 0
5636 3 0
5637 2 0
5638 2 0
5640 73 0
5642 14 0
5643 20 0
5644 10 0
5645 2 0
5646 4 0
5648 11 0
5649 4 0
5650 10 0
5652 25 0
5654 4 0
5655 14 0
5656 20 0
5658 14 0
5660 10 0
5661 10 0
5662 4 0
5663 2 0
5664 63 0
5665 4 0
5666 2 0
5667 2 0
5668 10 0
5670 140 0
5671 2 0
5672 6 0
5673 4 0
5674 2 0
5675 3 0
5676 35 0
5677 2 0
5678 4 0
5679 3 0
5680 37 0
5681 4 0
5682 4 0
5684 25 0
5685 4 0
5686 2 0
5687 3 0
5688 51 0
5690 4 0
5691 4 0
5692 3 0
5694 14 0
5695 4 0
5696 29 0
5697 6 0
5698 14 0
5699 2 0
5700 91 0
5702 2 0
5703 2 0
5704 20 0
5705 4 0
5706 10 0
5707 2 0
5708 3 0
5709 4 0
5710 4 0
5712 140 0
5713 2 0
5714 2 0
5715 10 0
5716 3 0
5718 4 0
5719 4 0
5720 73 0
5721 2 0
5722 2 0
5723 2 0
5724 51 0
5725 3 0
5726 4 0
5727 4 0
5728 18 0
5729 2 0
5730 14 0
5731 2 0
5732 3 0
5733 25 0
5734 4 0
5735 4 0
5736 20 0
5738 4 0
5739 2 0
5740 35 0
5742 35 0
5744 11 0
5745 4 0
5746 10 0
5747 2 0
5748 10 0
5750 20 0
5751 11 0
5752 6 0
5753 2 0
5754 14 0
5755 2 0
5756 3 0
5757 4 0
5758 2 0
5759 2 0
5760 466 0
5761 2 0
5762 4 0
5763 4 0
5764 10 0
5765 2 0
5766 10 0
5767 2 0
5768 20 0
5769 3 0
5770 4 0
5771 2 0
5772 35 0
5773 2 0
5774 2 0
5775 35 0
5776 28 0
5777 2 0
5778 20 0
5780 25 0
5781 4 0
5782 10 0
5784 20 0
5785 4 0
5786 4 0
5787 3 0
5788 3 0
5789 2 0
5790 14 0
5792 18 0
5793 2 0
5794 2 0
5795 4 0
5796 91 0
5797 4 0
5798 4 0
5799 2 0
5800 51 0
5802 4 0
5803 2 0
5804 3 0
5805 20 0
5806 2 0
5808 97 0
5809 2 0
5810 14 0
5811 4 0
5812 3 0
5814 35 0
5815 2 0
5816 6 0
5817 4 0
5818 2 0
5819 3 0
5820 35 0
5822 4 0
5823 3 0
5824 104 0
5825 3 0
5826 4 0
5828 10 0
5829 4 0
5830 14 0
5831 6 0
5832 161 0
5833 2 0
5834 2 0
5835 4 0
5836 3 0
5837 2 0
5838 14 0
5840 37 0
5841 10 0
5842 4 0
5844 10 0
5845 4 0
5846 4 0
5847 2 0
5848 20 0
5850 91 0
5852 35 0
5853 2 0
5854 2 0
5855 2 0
5856 63 0
5858 4 0
5859 20 0
5860 10 0
5862 4 0
5863 4 0
5864 6 0
5865 14 0
5866 4 0
5868 25 0
5870 4 0
5871 4 0
5872 11 0
5873 2 0
5874 14 0
5875 6 0
5876 10 0
5877 3 0
5878 2 0
5880 197 0
5882 4 0
5883 4 0
5884 3 0
5885 4 0
5886 20 0
5887 3 0
5888 66 0
5889 4 0
5890 14 0
5891 2 0
5892 10 0
5893 2 0
5894 4 0
5895 10 0
5896 20 0
5898 4 0
5899 2 0
5900 25 0
5901 4 0
5902 4 0
5904 97 0
5905 2 0
5906 2 0
5907 4 0
5908 10 0
5909 2 0
5910 14 0
5911 2 0
5912 6 0
5913 11 0
5914 2 0
5915 10 0
5916 35 0
5917 2 0
5918 4 0
5919 2 0
5920 63 0
5921 2 0
5922 35 0
5924 3 0
5925 10 0
5926 2 0
5928 73 0
5929 8 0
5930 4 0
5931 3 0
5932 3 0
5933 2 0
5934 14 0
5935 2 0
5936 37 0
5937 2 0
5938 2 0
5940 197 0
5941 2 0
5942 2 0
5943 4 0
5944 6 0
5945 4 0
5946 4 0
5947 2 0
5948 3 0
5949 3 0
5950 35 0
5951 2 0
5952 104 0
5954 4 0
5955 4 0
5956 3 0
5957 4 0
5958 10 0
5959 2 0
5960 20 0
5961 2 0
5962 4 0
5963 2 0
5964 35 0
5965 2 0
5966 4 0
5967 20 0
5968 11 0
5969 2 0
5970 14 0
5971 2 0
5972 3 0
5973 4 0
5974 4 0
5975 3 0
5976 51 0
5977 2 0
5978 10 0
5979 2 0
5980 35 0
5982 4 0
5983 2 0
5984 63 0
5985 35 0
5986 4 0
5988 10 0
5989 2 0
5990 4 0
5991 2 0
5992 20 0
5993 2 0
5994 37 0
5995 4 0
5996 3 0
5997 2 0
5998 2 0
5999 2 0
6000 211 0
