201 2 0
202 2 0
203 2 0
204 10 0
205 2 0
206 2 0
207 3 0
208 11 0
209 2 0
210 14 0
212 3 0
213 2 0
214 2 0
215 2 0
216 30 0
217 2 0
218 2 0
219 2 0
220 10 0
221 2 0
222 4 0
224 18 0
225 8 0
226 2 0
228 10 0
230 4 0
231 4 0
232 6 0
234 10 0
235 2 0
236 3 0
237 2 0
238 4 0
240 37 0
242 3 0
243 6 0
244 3 0
245 3 0
246 4 0
247 2 0
248 6 0
249 2 0
250 6 0
252 25 0
253 2 0
254 2 0
255 4 0
256 21 0
258 4 0
259 2 0
260 10 0
261 3 0
262 2 0
264 20 0
265 2 0
266 4 0
267 2 0
268 3 0
270 20 0
272 11 0
273 4 0
274 2 0
275 3 0
276 10 0
278 2 0
279 3 0
280 20 0
282 4 0
284 3 0
285 4 0
286 4 0
287 2 0
288 46 0
289 2 0
290 4 0
291 2 0
292 3 0
294 10 0
295 2 0
296 6 0
297 6 0
298 2 0
299 2 0
300 25 0
301 2 0
302 2 0
303 2 0
304 11 0
305 2 0
306 10 0
308 10 0
309 2 0
310 4 0
312 20 0
314 2 0
315 10 0
316 3 0
318 4 0
319 2 0
320 29 0
321 2 0
322 4 0
323 2 0
324 28 0
325 3 0
326 2 0
327 2 0
328 6 0
329 2 0
330 14 0
332 3 0
333 3 0
334 2 0
335 2 0
336 37 0
338 3 0
339 2 0
340 10 0
341 2 0
342 10 0
343 2 0
344 6 0
345 4 0
346 2 0
348 10 0
350 10 0
351 6 0
352 18 0
354 4 0
355 2 0
356 3 0
357 4 0
358 2 0
360 51 0
361 2 0
362 2 0
363 3 0
364 10 0
365 2 0
366 4 0
368 11 0
369 3 0
370 4 0
371 2 0
372 10 0
374 4 0
375 6 0
376 6 0
377 2 0
378 20 0
380 10 0
381 2 0
382 2 0
384 44 0
385 4 0
386 2 0
387 3 0
388 3 0
390 14 0
391 2 0
392 15 0
393 2 0
394 2 0
395 2 0
396 25 0
398 2 0
399 4 0
400 28 0
402 4 0
403 2 0
404 3 0
405 11 0
406 4 0
407 2 0
408 20 0
410 4 0
411 2 0
412 3 0
413 2 0
414 10 0
415 2 0
416 18 0
417 2 0
418 4 0
420 35 0
422 2 0
423 3 0
424 6 0
425 3 0
426 4 0
427 2 0
428 3 0
429 4 0
430 4 0
432 56 0
434 4 0
435 4 0
436 3 0
437 2 0
438 4 0
440 20 0
441 8 0
442 4 0
444 10 0
445 2 0
446 2 0
447 2 0
448 29 0
450 25 0
451 2 0
452 3 0
453 2 0
454 2 0
455 4 0
456 20 0
458 2 0
459 6 0
460 10 0
462 14 0
464 11 0
465 4 0
466 2 0
468 25 0
469 2 0
470 4 0
471 2 0
472 6 0
473 2 0
474 4 0
475 3 0
476 10 0
477 3 0
478 2 0
480 63 0
481 2 0
482 2 0
483 4 0
484 8 0
485 2 0
486 18 0
488 6 0
489 2 0
490 10 0
492 10 0
493 2 0
494 4 0
495 10 0
496 11 0
497 2 0
498 4 0
500 15 0
501 2 0
502 2 0
504 51 0
505 2 0
506 4 0
507 3 0
508 3 0
510 14 0
511 2 0
512 29 0
513 6 0
514 2 0
515 2 0
516 10 0
517 2 0
518 4 0
519 2 0
520 20 0
522 10 0
524 3 0
525 10 0
526 2 0
527 2 0
528 37 0
529 2 0
530 4 0
531 3 0
532 10 0
533 2 0
534 4 0
535 2 0
536 6 0
537 2 0
538 2 0
539 3 0
540 51 0
542 2 0
543 2 0
544 18 0
545 2 0
546 14 0
548 3 0
549 3 0
550 10 0
551 2 0
552 20 0
553 2 0
554 2 0
555 4 0
556 3 0
558 10 0
559 2 0
560 37 0
561 4 0
562 2 0
564 10 0
565 2 0
566 2 0
567 11 0
568 6 0
570 14 0
572 10 0
573 2 0
574 4 0
575 3 0
576 76 0
578 3 0
579 2 0
580 10 0
581 2 0
582 4 0
583 2 0
584 6 0
585 10 0
586 2 0
588 25 0
589 2 0
590 4 0
591 2 0
592 11 0
594 20 0
595 4 0
596 3 0
597 2 0
598 4 0
600 51 0
602 4 0
603 3 0
604 3 0
605 3 0
606 4 0
608 18 0
609 4 0
610 4 0
611 2 0
612 25 0
614 2 0
615 4 0
616 20 0
618 4 0
620 10 0
621 6 0
622 2 0
623 2 0
624 37 0
625 4 0
626 2 0
627 4 0
628 3 0
629 2 0
630 35 0
632 6 0
633 2 0
634 2 0
635 2 0
636 10 0
637 3 0
638 4 0
639 3 0
640 44 0
642 4 0
644 10 0
645 4 0
646 4 0
648 56 0
649 2 0
650 10 0
651 4 0
652 3 0
654 4 0
655 2 0
656 11 0
657 3 0
658 4 0
660 35 0
662 2 0
663 4 0
664 6 0
665 4 0
666 10 0
667 2 0
668 3 0
669 2 0
670 4 0
671 2 0
672 63 0
674 2 0
675 15 0
676 8 0
678 4 0
679 2 0
680 20 0
681 2 0
682 4 0
684 25 0
685 2 0
686 6 0
687 2 0
688 11 0
689 2 0
690 14 0
692 3 0
693 10 0
694 2 0
695 2 0
696 20 0
697 2 0
698 2 0
699 2 0
700 25 0
702 20 0
703 2 0
704 29 0
705 4 0
706 2 0
707 2 0
708 10 0
710 4 0
711 3 0
712 6 0
713 2 0
714 14 0
715 4 0
716 3 0
717 2 0
718 2 0
720 97 0
721 2 0
722 3 0
723 2 0
724 3 0
725 3 0
726 10 0
728 20 0
729 10 0
730 4 0
731 2 0
732 10 0
734 2 0
735 10 0
736 18 0
737 2 0
738 10 0
740 10 0
741 4 0
742 4 0
744 20 0
745 2 0
746 2 0
747 3 0
748 10 0
749 2 0
750 20 0
752 11 0
753 2 0
754 4 0
755 2 0
756 51 0
758 2 0
759 4 0
760 20 0
762 4 0
763 2 0
764 3 0
765 10 0
766 2 0
767 2 0
768 66 0
770 14 0
771 2 0
772 3 0
774 10 0
775 3 0
776 6 0
777 4 0
778 2 0
779 2 0
780 35 0
781 2 0
782 4 0
783 6 0
784 28 0
785 2 0
786 4 0
788 3 0
789 2 0
790 4 0
791 2 0
792 51 0
793 2 0
794 2 0
795 4 0
796 3 0
798 14 0
799 2 0
800 46 0
801 3 0
802 2 0
803 2 0
804 10 0
805 4 0
806 4 0
807 2 0
808 6 0
810 37 0
812 10 0
813 2 0
814 4 0
815 2 0
816 37 0
817 2 0
818 2 0
819 10 0
820 10 0
822 4 0
824 6 0
825 10 0
826 4 0
828 25 0
830 4 0
831 2 0
832 29 0
833 3 0
834 4 0
835 2 0
836 10 0
837 6 0
838 2 0
840 73 0
841 2 0
842 2 0
843 2 0
844 3 0
845 3 0
846 10 0
847 3 0
848 11 0
849 2 0
850 10 0
851 2 0
852 10 0
854 4 0
855 10 0
856 6 0
858 14 0
860 10 0
861 4 0
862 2 0
864 96 0
865 2 0
866 2 0
867 3 0
868 10 0
869 2 0
870 14 0
871 2 0
872 6 0
873 3 0
874 4 0
875 6 0
876 10 0
878 2 0
879 2 0
880 37 0
882 25 0
884 10 0
885 4 0
886 2 0
888 20 0
889 2 0
890 4 0
891 11 0
892 3 0
893 2 0
894 4 0
895 2 0
896 44 0
897 4 0
898 2 0
899 2 0
900 65 0
901 2 0
902 4 0
903 4 0
904 6 0
905 2 0
906 4 0
908 3 0
909 3 0
910 14 0
912 37 0
913 2 0
914 2 0
915 4 0
916 3 0
917 2 0
918 20 0
920 20 0
921 2 0
922 2 0
923 2 0
924 35 0
925 3 0
926 2 0
927 3 0
928 18 0
930 14 0
931 3 0
932 3 0
933 2 0
934 2 0
935 4 0
936 51 0
938 4 0
939 2 0
940 10 0
942 4 0
943 2 0
944 11 0
945 20 0
946 4 0
948 10 0
949 2 0
950 10 0
951 2 0
952 20 0
954 10 0
955 2 0
956 3 0
957 4 0
958 2 0
959 2 0
960 104 0
961 2 0
962 4 0
963 3 0
964 3 0
965 2 0
966 14 0
968 15 0
969 4 0
970 4 0
972 46 0
973 2 0
974 2 0
975 10 0
976 11 0
978 4 0
979 2 0
980 25 0
981 3 0
982 2 0
984 20 0
985 2 0
986 4 0
987 4 0
988 10 0
989 2 0
990 35 0
992 18 0
993 2 0
994 4 0
995 2 0
996 10 0
998 2 0
999 6 0
1000 30 0
1001 4 0
1002 4 0
1003 2 0
1004 3 0
1005 4 0
1006 2 0
1007 2 0
1008 97 0
1010 4 0
1011 2 0
1012 10 0
1014 10 0
1015 4 0
1016 6 0
1017 3 0
1018 2 0
1020 35 0
1022 4 0
1023 4 0
1024 41 0
1025 3 0
1026 20 0
1027 2 0
1028 3 0
1029 6 0
1030 4 0
1032 20 0
1034 4 0
1035 10 0
1036 10 0
1037 2 0
1038 4 0
1040 37 0
1041 2 0
1042 2 0
1043 2 0
1044 25 0
1045 4 0
1046 2 0
1047 2 0
1048 6 0
1050 35 0
1052 3 0
1053 11 0
1054 4 0
1055 2 0
1056 63 0
1057 2 0
1058 3 0
1059 2 0
1060 10 0
1062 10 0
1064 20 0
1065 4 0
1066 4 0
1067 2 0
1068 10 0
1070 4 0
1071 10 0
1072 11 0
1073 2 0
1074 4 0
1075 3 0
1076 3 0
1077 2 0
1078 10 0
1079 2 0
1080 108 0
1081 2 0
1082 2 0
1083 3 0
1084 3 0
1085 4 0
1086 4 0
1088 29 0
1089 8 0
1090 4 0
1092 35 0
1094 2 0
1095 4 0
1096 6 0
1098 10 0
1099 2 0
1100 25 0
1101 2 0
1102 4 0
1104 37 0
1105 4 0
1106 4 0
1107 6 0
1108 3 0
1110 14 0
1111 2 0
1112 6 0
1113 4 0
1114 2 0
1115 2 0
1116 25 0
1118 4 0
1119 2 0
1120 63 0
1121 2 0
1122 14 0
1124 3 0
1125 15 0
1126 2 0
1127 3 0
1128 20 0
1130 4 0
1131 4 0
1132 3 0
1133 2 0
1134 37 0
1135 2 0
1136 11 0
1137 2 0
1138 2 0
1139 2 0
1140 35 0
1141 2 0
1142 2 0
1143 3 0
1144 20 0
1145 2 0
1146 4 0
1147 2 0
1148 10 0
1149 2 0
1150 10 0
1152 117 0
1154 2 0
1155 14 0
1156 8 0
1157 2 0
1158 4 0
1159 2 0
1160 20 0
1161 6 0
1162 4 0
1164 10 0
1165 2 0
1166 4 0
1167 2 0
1168 11 0
1169 2 0
1170 35 0
1172 3 0
1173 4 0
1174 2 0
1175 3 0
1176 51 0
1177 2 0
1178 4 0
1179 3 0
1180 10 0
1182 4 0
1183 3 0
1184 18 0
1185 4 0
1186 2 0
1188 51 0
1189 2 0
1190 14 0
1191 2 0
1192 6 0
1194 4 0
1195 2 0
1196 10 0
1197 10 0
1198 2 0
1199 2 0
1200 97 0
1202 2 0
1203 2 0
1204 10 0
1205 2 0
1206 10 0
1207 2 0
1208 6 0
1209 4 0
1210 10 0
1211 2 0
1212 10 0
1214 2 0
1215 18 0
1216 29 0
1218 14 0
1219 2 0
1220 10 0
1221 4 0
1222 4 0
1224 51 0
1225 8 0
1226 2 0
1227 2 0
1228 3 0
1230 14 0
1232 37 0
1233 3 0
1234 2 0
1235 4 0
1236 10 0
1238 2 0
1239 4 0
1240 20 0
1241 2 0
1242 20 0
1243 2 0
1244 3 0
1245 4 0
1246 4 0
1247 2 0
1248 63 0
1250 11 0
1251 3 0
1252 3 0
1253 2 0
1254 14 0
1255 2 0
1256 6 0
1257 2 0
1258 4 0
1260 91 0
1261 2 0
1262 2 0
1263 2 0
1264 11 0
1265 4 0
1266 4 0
1267 2 0
1268 3 0
1269 6 0
1270 4 0
1271 2 0
1272 20 0
1273 2 0
1274 10 0
1275 10 0
1276 10 0
1278 10 0
1280 66 0
1281 4 0
1282 2 0
1284 10 0
1285 2 0
1286 2 0
1287 10 0
1288 20 0
1290 14 0
1292 10 0
1293 2 0
1294 2 0
1295 4 0
1296 108 0
1298 4 0
1299 2 0
1300 25 0
1302 14 0
1304 6 0
1305 10 0
1306 2 0
1308 10 0
1309 4 0
1310 4 0
1311 4 0
1312 18 0
1313 2 0
1314 10 0
1315 2 0
1316 10 0
1317 2 0
1318 2 0
1320 73 0
1322 2 0
1323 15 0
1324 3 0
1325 3 0
1326 14 0
1328 11 0
1329 2 0
1330 14 0
1331 2 0
1332 25 0
1333 2 0
1334 4 0
1335 4 0
1336 6 0
1337 2 0
1338 4 0
1339 2 0
1340 10 0
1341 3 0
1342 4 0
1343 2 0
1344 104 0
1345 2 0
1346 2 0
1347 2 0
1348 3 0
1349 2 0
1350 51 0
1351 2 0
1352 15 0
1353 4 0
1354 2 0
1355 2 0
1356 10 0
1357 2 0
1358 4 0
1359 3 0
1360 37 0
1362 4 0
1363 2 0
1364 10 0
1365 14 0
1366 2 0
1368 51 0
1369 2 0
1370 4 0
1371 2 0
1372 15 0
1374 4 0
1375 6 0
1376 18 0
1377 11 0
1378 4 0
1379 2 0
1380 35 0
1382 2 0
1383 2 0
1384 6 0
1385 2 0
1386 35 0
1387 2 0
1388 3 0
1389 2 0
1390 4 0
1391 2 0
1392 37 0
1393 2 0
1394 4 0
1395 10 0
1396 3 0
1397 2 0
1398 4 0
1400 51 0
1401 2 0
1402 2 0
1403 2 0
1404 51 0
1405 2 0
1406 4 0
1407 4 0
1408 44 0
1410 14 0
1411 2 0
1412 3 0
1413 3 0
1414 4 0
1415 2 0
1416 20 0
1417 2 0
1418 2 0
1419 4 0
1420 10 0
1421 3 0
1422 10 0
1424 11 0
1425 10 0
1426 4 0
1428 35 0
1430 14 0
1431 6 0
1432 6 0
1434 4 0
1435 4 0
1436 3 0
1437 2 0
1438 2 0
1440 170 0
1441 2 0
1442 4 0
1443 4 0
1444 8 0
1445 3 0
1446 4 0
1448 6 0
1449 10 0
1450 10 0
1452 25 0
1454 2 0
1455 4 0
1456 37 0
1457 2 0
1458 29 0
1460 10 0
1461 2 0
1462 4 0
1463 4 0
1464 20 0
1465 2 0
1466 2 0
1467 3 0
1468 3 0
1469 2 0
1470 35 0
1472 29 0
1473 2 0
1474 4 0
1475 3 0
1476 25 0
1477 2 0
1478 2 0
1479 4 0
1480 20 0
1482 14 0
1484 10 0
1485 20 0
1486 2 0
1488 37 0
1490 4 0
1491 4 0
1492 3 0
1494 10 0
1495 4 0
1496 20 0
1497 2 0
1498 4 0
1500 51 0
1501 2 0
1502 2 0
1503 3 0
1504 18 0
1505 4 0
1506 4 0
1507 2 0
1508 10 0
1509 2 0
1510 4 0
1512 108 0
1513 2 0
1514 2 0
1515 4 0
1516 3 0
1517 2 0
1518 14 0
1519 3 0
1520 37 0
1521 8 0
1522 2 0
1524 10 0
1525 3 0
1526 4 0
1527 2 0
1528 6 0
1529 2 0
1530 35 0
1532 3 0
1533 4 0
1534 4 0
1535 2 0
1536 96 0
1537 2 0
1538 2 0
1539 11 0
1540 35 0
1541 2 0
1542 4 0
1544 6 0
1545 4 0
1546 2 0
1547 4 0
1548 25 0
1550 10 0
1551 4 0
1552 11 0
1554 14 0
1555 2 0
1556 3 0
1557 3 0
1558 4 0
1560 73 0
1561 2 0
1562 4 0
1563 2 0
1564 10 0
1565 2 0
1566 20 0
1568 46 0
1569 2 0
1570 4 0
1572 10 0
1573 3 0
1574 2 0
1575 25 0
1576 6 0
1577 2 0
1578 4 0
1580 10 0
1581 4 0
1582 4 0
1584 97 0
1585 2 0
1586 4 0
1587 3 0
1588 3 0
1589 2 0
1590 14 0
1591 2 0
1592 6 0
1593 6 0
1594 2 0
1595 4 0
1596 35 0
1598 4 0
1599 4 0
1600 76 0
1602 10 0
1603 2 0
1604 3 0
1605 4 0
1606 4 0
1608 20 0
1610 14 0
1611 3 0
1612 10 0
1614 4 0
1615 4 0
1616 11 0
1617 10 0
1618 2 0
1620 97 0
1622 2 0
1623 2 0
1624 20 0
1625 6 0
1626 4 0
1628 10 0
1629 3 0
1630 4 0
1631 2 0
1632 63 0
1633 2 0
1634 4 0
1635 4 0
1636 3 0
1638 35 0
1639 2 0
1640 20 0
1641 2 0
1642 2 0
1643 2 0
1644 10 0
1645 4 0
1646 2 0
1647 6 0
1648 11 0
1649 2 0
1650 35 0
1651 2 0
1652 10 0
1653 4 0
1654 2 0
1655 2 0
1656 51 0
1658 2 0
1659 4 0
1660 10 0
1661 2 0
1662 4 0
1664 44 0
1665 10 0
1666 10 0
1668 10 0
1670 4 0
1671 2 0
1672 20 0
1673 2 0
1674 20 0
1675 3 0
1676 3 0
1677 4 0
1678 2 0
1679 2 0
1680 140 0
1681 2 0
1682 3 0
1683 10 0
1684 3 0
1685 2 0
1686 4 0
1687 2 0
1688 6 0
1689 2 0
1690 10 0
1691 2 0
1692 25 0
1694 10 0
1695 4 0
1696 18 0
1698 4 0
1700 25 0
1701 18 0
1702 4 0
1703 2 0
1704 20 0
1705 4 0
1706 2 0
1707 2 0
1708 10 0
1710 35 0
1711 2 0
1712 11 0
1713 2 0
1714 2 0
1715 6 0
1716 35 0
1717 2 0
1718 2 0
1719 3 0
1720 20 0
1722 14 0
1724 3 0
1725 10 0
1726 2 0
1727 2 0
1728 161 0
1729 4 0
1730 4 0
1731 2 0
1732 3 0
1734 10 0
1735 2 0
1736 20 0
1737 3 0
1738 4 0
1739 2 0
1740 35 0
1742 4 0
1743 4 0
1744 11 0
1745 2 0
1746 10 0
1748 10 0
1749 4 0
1750 20 0
1751 2 0
1752 20 0
1754 2 0
1755 20 0
1756 3 0
1757 2 0
1758 4 0
1760 63 0
1761 2 0
1762 2 0
1763 2 0
1764 65 0
1765 2 0
1766 2 0
1767 4 0
1768 20 0
1769 2 0
1770 14 0
1771 4 0
1772 3 0
1773 3 0
1774 2 0
1775 3 0
1776 37 0
1778 4 0
1779 2 0
1780 10 0
1781 2 0
1782 37 0
1784 6 0
1785 14 0
1786 4 0
1788 10 0
1790 4 0
1791 3 0
1792 66 0
1793 2 0
1794 14 0
1795 2 0
1796 3 0
1797 2 0
1798 4 0
1799 2 0
1800 136 0
1802 4 0
1803 2 0
1804 10 0
1805 3 0
1806 14 0
1807 2 0
1808 11 0
1809 6 0
1810 4 0
1812 10 0
1813 3 0
1814 2 0
1815 10 0
1816 6 0
1817 2 0
1818 10 0
1819 2 0
1820 35 0
1821 2 0
1822 2 0
1824 63 0
1825 3 0
1826 4 0
1827 10 0
1828 3 0
1829 2 0
1830 14 0
1832 6 0
1833 4 0
1834 4 0
1835 2 0
1836 51 0
1837 2 0
1838 2 0
1839 2 0
1840 37 0
1841 2 0
1842 4 0
1843 2 0
1844 3 0
1845 10 0
1846 4 0
1848 73 0
1849 2 0
1850 10 0
1851 2 0
1852 3 0
1853 2 0
1854 10 0
1855 4 0
1856 29 0
1857 2 0
1858 2 0
1859 3 0
1860 35 0
1862 10 0
1863 11 0
1864 6 0
1865 2 0
1866 4 0
1868 3 0
1869 4 0
1870 14 0
1872 97 0
1874 2 0
1875 11 0
1876 10 0
1878 4 0
1880 20 0
1881 10 0
1882 2 0
1883 2 0
1884 10 0
1885 4 0
1886 4 0
1887 4 0
1888 18 0
1890 73 0
1891 2 0
1892 10 0
1893 2 0
1894 2 0
1895 2 0
1896 20 0
1897 2 0
1898 4 0
1899 3 0
1900 25 0
1902 4 0
1903 2 0
1904 37 0
1905 4 0
1906 2 0
1908 25 0
1909 2 0
1910 4 0
1911 10 0
1912 6 0
1914 14 0
1915 2 0
1916 3 0
1917 6 0
1918 4 0
1919 2 0
1920 164 0
1921 2 0
1922 3 0
1923 2 0
1924 10 0
1925 10 0
1926 10 0
1927 2 0
1928 6 0
1929 2 0
1930 4 0
1932 35 0
1934 2 0
1935 10 0
1936 28 0
1937 2 0
1938 14 0
1939 2 0
1940 10 0
1941 2 0
1942 2 0
1943 2 0
1944 96 0
1945 2 0
1946 4 0
1947 4 0
1948 3 0
1950 35 0
1952 18 0
1953 10 0
1954 2 0
1955 4 0
1956 10 0
1957 2 0
1958 4 0
1959 2 0
1960 51 0
1961 2 0
1962 10 0
1963 2 0
1964 3 0
1965 4 0
1966 2 0
1967 2 0
1968 37 0
1969 2 0
1970 4 0
1971 6 0
1972 10 0
1974 14 0
1975 3 0
1976 20 0
1977 2 0
1978 4 0
1980 91 0
1981 2 0
1982 2 0
1983 2 0
1984 29 0
1985 2 0
1986 4 0
1988 10 0
1989 10 0
1990 4 0
1991 2 0
1992 20 0
1994 2 0
1995 14 0
1996 3 0
1998 20 0
2000 56 0
