3002 4 0
3003 14 0
3004 3 0
3005 2 0
3006 10 0
3007 2 0
3008 29 0
3009 4 0
3010 14 0
3012 10 0
3013 2 0
3014 4 0
3015 10 0
3016 20 0
3017 2 0
3018 4 0
3020 10 0
3021 4 0
3022 2 0
3024 211 0
3025 8 0
3026 4 0
3027 2 0
3028 3 0
3029 2 0
3030 14 0
3031 2 0
3032 6 0
3033 3 0
3034 4 0
3035 2 0
3036 35 0
3038 10 0
3039 2 0
3040 63 0
3042 25 0
3043 2 0
3044 3 0
3045 14 0
3046 2 0
3047 2 0
3048 20 0
3050 10 0
3051 6 0
3052 10 0
3053 2 0
3054 4 0
3055 4 0
3056 11 0
3057 2 0
3058 4 0
3059 4 0
3060 91 0
3062 2 0
3063 2 0
3064 6 0
3065 2 0
3066 14 0
3068 10 0
3069 10 0
3070 4 0
3071 2 0
3072 138 0
3073 2 0
3074 4 0
3075 10 0
3076 3 0
3077 2 0
3078 37 0
3080 73 0
3081 4 0
3082 4 0
3084 10 0
3085 2 0
3086 2 0
3087 15 0
3088 11 0
3090 14 0
3091 2 0
3092 3 0
3093 2 0
3094 14 0
3095 2 0
3096 51 0
3097 2 0
3098 2 0
3099 2 0
3100 25 0
3101 2 0
3102 14 0
3103 2 0
3104 18 0
3105 20 0
3106 2 0
3107 2 0
3108 35 0
3110 4 0
3111 4 0
3112 6 0
3113 2 0
3114 10 0
3115 4 0
3116 10 0
3117 2 0
3118 2 0
3120 140 0
3122 4 0
3123 3 0
3124 10 0
3125 6 0
3126 4 0
3127 2 0
3128 20 0
3129 4 0
3130 4 0
3131 2 0
3132 51 0
3133 2 0
3134 2 0
3135 14 0
3136 76 0
3138 4 0
3139 2 0
3140 10 0
3141 3 0
3142 2 0
3143 2 0
3144 20 0
3145 4 0
3146 10 0
3147 2 0
3148 3 0
3149 2 0
3150 91 0
3151 2 0
3152 11 0
3153 2 0
3154 4 0
3155 2 0
3156 10 0
3157 4 0
3158 2 0
3159 18 0
3160 20 0
3161 2 0
3162 14 0
3164 10 0
3165 4 0
3166 2 0
3168 170 0
3170 4 0
3171 4 0
3172 10 0
3173 2 0
3174 10 0
3175 3 0
3176 6 0
3177 3 0
3178 4 0
3179 3 0
3180 35 0
3182 4 0
3183 2 0
3184 11 0
3185 10 0
3186 20 0
3188 3 0
3189 2 0
3190 14 0
3192 73 0
3193 2 0
3194 2 0
3195 10 0
3196 10 0
3197 2 0
3198 14 0
3199 2 0
3200 117 0
3201 4 0
3202 2 0
3204 25 0
3205 2 0
3206 4 0
3207 2 0
3208 6 0
3210 14 0
3211 3 0
3212 10 0
3213 20 0
3214 2 0
3215 2 0
3216 37 0
3218 2 0
3219 4 0
3220 35 0
3222 10 0
3223 2 0
3224 20 0
3225 10 0
3226 2 0
3227 2 0
3228 10 0
3230 14 0
3231 3 0
3232 18 0
3233 2 0
3234 35 0
3235 2 0
3236 3 0
3237 4 0
3238 2 0
3239 2 0
3240 211 0
3241 2 0
3242 2 0
3243 4 0
3244 3 0
3245 4 0
3246 4 0
3247 2 0
3248 37 0
3249 8 0
3250 20 0
3252 10 0
3254 2 0
3255 14 0
3256 20 0
3258 10 0
3260 10 0
3261 2 0
3262 4 0
3263 2 0
3264 104 0
3265 2 0
3266 4 0
3267 15 0
3268 10 0
3269 2 0
3270 14 0
3272 6 0
3273 2 0
3274 2 0
3275 3 0
3276 91 0
3277 2 0
3278 4 0
3279 2 0
3280 37 0
3281 2 0
3282 4 0
3283 3 0
3284 3 0
3285 10 0
3286 4 0
3287 2 0
3288 20 0
3289 4 0
3290 14 0
3291 2 0
3292 3 0
3293 2 0
3294 20 0
3295 2 0
3296 18 0
3297 4 0
3298 4 0
3300 91 0
3302 4 0
3303 3 0
3304 20 0
3305 2 0
3306 14 0
3308 3 0
3309 2 0
3310 4 0
3311 4 0
3312 97 0
3314 2 0
3315 14 0
3316 3 0
3317 2 0
3318 14 0
3320 20 0
3321 11 0
3322 4 0
3324 10 0
3325 10 0
3326 2 0
3327 2 0
3328 66 0
3330 35 0
3332 25 0
3333 4 0
3334 2 0
3335 4 0
3336 20 0
3337 2 0
3338 2 0
3339 10 0
3340 10 0
3341 2 0
3342 4 0
3344 37 0
3345 4 0
3346 4 0
3348 51 0
3349 2 0
3350 10 0
3351 2 0
3352 6 0
3353 2 0
3354 14 0
3355 4 0
3356 3 0
3357 3 0
3358 4 0
3360 249 0
3362 3 0
3363 4 0
3364 8 0
3365 2 0
3366 35 0
3367 4 0
3368 6 0
3369 2 0
3370 4 0
3372 10 0
3374 4 0
3375 30 0
3376 11 0
3377 2 0
3378 4 0
3379 2 0
3380 25 0
3381 10 0
3382 4 0
3383 2 0
3384 51 0
3385 2 0
3386 2 0
3387 2 0
3388 25 0
3390 14 0
3392 29 0
3393 10 0
3394 2 0
3395 4 0
3396 10 0
3397 2 0
3398 2 0
3399 4 0
3400 51 0
3401 2 0
3402 63 0
3403 2 0
3404 10 0
3405 4 0
3406 4 0
3408 37 0
3409 2 0
3410 14 0
3411 3 0
3412 3 0
3414 4 0
3415 2 0
3416 20 0
3417 4 0
3418 2 0
3419 2 0
3420 91 0
3421 2 0
3422 4 0
3423 4 0
3424 18 0
3425 3 0
3426 4 0
3427 2 0
3428 3 0
3429 6 0
3430 20 0
3431 2 0
3432 73 0
3434 4 0
3435 4 0
3436 3 0
3437 2 0
3438 10 0
3439 2 0
3440 37 0
3441 4 0
3442 2 0
3443 2 0
3444 35 0
3445 4 0
3446 2 0
3447 3 0
3448 6 0
3450 35 0
3451 4 0
3452 3 0
3453 2 0
3454 4 0
3455 2 0
3456 256 0
3458 14 0
3459 2 0
3460 10 0
3462 4 0
3464 6 0
3465 35 0
3466 2 0
3468 25 0
3470 4 0
3471 4 0
3472 37 0
3473 2 0
3474 10 0
3475 3 0
3476 10 0
3477 4 0
3478 4 0
3479 3 0
3480 73 0
3481 2 0
3482 2 0
3483 11 0
3484 10 0
3485 4 0
3486 14 0
3487 2 0
3488 18 0
3489 2 0
3490 4 0
3492 25 0
3493 2 0
3494 2 0
3495 4 0
3496 20 0
3497 2 0
3498 14 0
3500 51 0
3501 3 0
3502 4 0
3503 2 0
3504 37 0
3505 2 0
3506 2 0
3507 4 0
3508 3 0
3509 3 0
3510 73 0
3512 6 0
3513 2 0
3514 4 0
3515 4 0
3516 10 0
3518 2 0
3519 10 0
3520 104 0
3521 2 0
3522 4 0
3523 2 0
3524 3 0
3525 10 0
3526 4 0
3528 136 0
3530 4 0
3531 4 0
3532 3 0
3534 14 0
3535 4 0
3536 37 0
3537 6 0
3538 4 0
3540 35 0
3542 14 0
3543 2 0
3544 6 0
3545 2 0
3546 10 0
3548 3 0
3549 10 0
3550 10 0
3551 2 0
3552 63 0
3553 4 0
3554 2 0
3555 10 0
3556 10 0
3558 4 0
3560 20 0
3561 2 0
3562 4 0
3563 2 0
3564 97 0
3565 4 0
3566 2 0
3567 4 0
3568 11 0
3569 2 0
3570 51 0
3572 10 0
3573 3 0
3574 2 0
3575 10 0
3576 20 0
3577 3 0
3578 2 0
3579 2 0
3580 10 0
3582 10 0
3584 96 0
3585 4 0
3586 4 0
3587 2 0
3588 35 0
3589 2 0
3590 4 0
3591 20 0
3592 6 0
3594 4 0
3595 2 0
3596 10 0
3597 4 0
3598 4 0
3599 2 0
3600 268 0
3601 2 0
3602 2 0
3603 2 0
3604 10 0
3605 4 0
3606 4 0
3608 20 0
3609 3 0
3610 10 0
3611 2 0
3612 35 0
3614 4 0
3615 4 0
3616 18 0
3618 20 0
3619 4 0
3620 10 0
3621 4 0
3622 2 0
3624 20 0
3625 6 0
3626 10 0
3627 10 0
3628 3 0
3629 2 0
3630 35 0
3632 11 0
3633 4 0
3634 4 0
3635 2 0
3636 25 0
3638 4 0
3639 2 0
3640 73 0
3641 2 0
3642 4 0
3644 3 0
3645 29 0
3646 2 0
3647 2 0
3648 104 0
3649 2 0
3650 10 0
3651 2 0
3652 10 0
3653 2 0
3654 35 0
3655 4 0
3656 6 0
3657 4 0
3658 4 0
3660 35 0
3661 2 0
3662 2 0
3663 10 0
3664 11 0
3665 2 0
3666 14 0
3667 2 0
3668 10 0
3669 2 0
3670 4 0
3672 108 0
3674 4 0
3675 25 0
3676 3 0
3678 4 0
3679 2 0
3680 63 0
3681 3 0
3682 4 0
3683 2 0
3684 10 0
3685 4 0
3686 4 0
3687 2 0
3688 6 0
3689 4 0
3690 35 0
3692 10 0
3693 2 0
3694 2 0
3695 2 0
3696 140 0
3698 3 0
3699 6 0
3700 25 0
3702 4 0
3703 3 0
3704 6 0
3705 14 0
3706 4 0
3707 2 0
3708 25 0
3710 14 0
3711 2 0
3712 44 0
3713 2 0
3714 4 0
3715 2 0
3716 3 0
3717 10 0
3718 10 0
3720 73 0
3721 2 0
3722 2 0
3723 4 0
3724 25 0
3725 3 0
3726 37 0
3728 11 0
3729 4 0
3730 4 0
3731 4 0
3732 10 0
3734 2 0
3735 10 0
3736 6 0
3737 2 0
3738 14 0
3740 35 0
3741 4 0
3742 2 0
3743 2 0
3744 170 0
3745 4 0
3746 2 0
3747 2 0
3748 3 0
3749 2 0
3750 37 0
3751 3 0
3752 20 0
3753 6 0
3754 2 0
3755 2 0
3756 10 0
3757 3 0
3758 2 0
3759 4 0
3760 37 0
3762 35 0
3763 2 0
3764 3 0
3765 4 0
3766 4 0
3768 20 0
3770 14 0
3771 3 0
3772 10 0
3773 6 0
3774 14 0
3775 3 0
3776 29 0
3777 2 0
3778 2 0
3780 197 0
3781 2 0
3782 4 0
3783 4 0
3784 20 0
3785 2 0
3786 4 0
3787 2 0
3788 3 0
3789 3 0
3790 4 0
3791 2 0
3792 37 0
3794 4 0
3795 14 0
3796 10 0
3798 10 0
3799 2 0
3800 51 0
3801 4 0
3802 2 0
3804 10 0
3805 2 0
3806 4 0
3807 11 0
3808 63 0
3809 2 0
3810 14 0
3811 2 0
3812 3 0
3813 4 0
3814 2 0
3815 4 0
3816 51 0
3817 2 0
3818 4 0
3819 4 0
3820 10 0
3822 35 0
3824 11 0
3825 25 0
3826 2 0
3827 2 0
3828 35 0
3829 2 0
3830 4 0
3831 2 0
3832 6 0
3834 20 0
3835 4 0
3836 10 0
3837 2 0
3838 4 0
3839 2 0
3840 253 0
3841 2 0
3842 4 0
3843 10 0
3844 8 0
3845 2 0
3846 4 0
3848 20 0
3849 2 0
3850 35 0
3852 25 0
3854 4 0
3855 4 0
3856 11 0
3857 4 0
3858 4 0
3859 2 0
3860 10 0
3861 20 0
3862 2 0
3864 73 0
3865 2 0
3866 2 0
3867 2 0
3868 3 0
3869 2 0
3870 35 0
3871 3 0
3872 46 0
3873 2 0
3874 4 0
3875 6 0
3876 35 0
3878 4 0
3879 3 0
3880 20 0
3882 4 0
3883 2 0
3884 3 0
3885 14 0
3886 4 0
3887 3 0
3888 188 0
3890 4 0
3891 2 0
3892 10 0
3893 2 0
3894 14 0
3895 4 0
3896 6 0
3897 3 0
3898 2 0
3899 2 0
3900 91 0
3901 2 0
3902 2 0
3903 2 0
3904 29 0
3905 4 0
3906 35 0
3908 3 0
3909 2 0
3910 14 0
3912 20 0
3913 4 0
3914 4 0
3915 20 0
3916 10 0
3918 4 0
3920 97 0
3921 2 0
3922 4 0
3924 25 0
3925 3 0
3926 4 0
3927 14 0
3928 6 0
3930 14 0
3932 3 0
3933 10 0
3934 4 0
3935 2 0
3936 63 0
3937 2 0
3938 4 0
3939 4 0
3940 10 0
3941 2 0
3942 20 0
3944 20 0
3945 4 0
3946 2 0
3948 35 0
3949 2 0
3950 10 0
3951 3 0
3952 37 0
3953 2 0
3954 4 0
3955 4 0
3956 10 0
3957 2 0
3958 2 0
3959 2 0
3960 197 0
3961 2 0
3962 4 0
3963 2 0
3964 3 0
3965 4 0
3966 4 0
3968 44 0
3969 28 0
3970 4 0
3971 3 0
3972 10 0
3973 2 0
3974 2 0
3975 10 0
3976 20 0
3977 2 0
3978 35 0
3979 2 0
3980 10 0
3981 2 0
3982 4 0
3983 2 0
3984 37 0
3985 2 0
3986 2 0
3987 3 0
3988 3 0
3990 51 0
3991 2 0
3992 6 0
3993 6 0
3994 2 0
3995 4 0
3996 51 0
3997 2 0
3998 2 0
3999 4 0
4000 96 0
