4002 14 0
4004 35 0
4005 10 0
4006 2 0
4008 20 0
4009 2 0
4010 4 0
4011 4 0
4012 10 0
4014 10 0
4015 4 0
4016 11 0
4017 4 0
4018 10 0
4020 35 0
4022 2 0
4023 6 0
4024 6 0
4025 10 0
4026 14 0
4028 10 0
4029 4 0
4030 14 0
4031 2 0
4032 288 0
4033 2 0
4034 2 0
4035 4 0
4036 3 0
4037 2 0
4038 4 0
4039 2 0
4040 20 0
4041 3 0
4042 4 0
4043 2 0
4044 10 0
4045 2 0
4046 10 0
4047 4 0
4048 37 0
4050 97 0
4052 3 0
4053 4 0
4054 2 0
4055 2 0
4056 51 0
4058 2 0
4059 10 0
4060 35 0
4061 2 0
4062 4 0
4063 2 0
4064 18 0
4065 4 0
4066 4 0
4067 3 0
4068 25 0
4069 2 0
4070 14 0
4071 4 0
4072 6 0
4074 14 0
4075 3 0
4076 3 0
4077 6 0
4078 2 0
4080 140 0
4081 4 0
4082 4 0
4083 2 0
4084 3 0
4085 4 0
4086 10 0
4087 2 0
4088 20 0
4089 4 0
4090 4 0
4092 35 0
4094 4 0
4095 35 0
4096 76 0
4097 2 0
4098 4 0
4100 25 0
4101 2 0
4102 4 0
4103 2 0
4104 108 0
4105 2 0
4106 2 0
4107 3 0
4108 10 0
4109 2 0
4110 14 0
4112 11 0
4113 3 0
4114 10 0
4115 2 0
4116 51 0
4117 2 0
4118 4 0
4119 2 0
4120 20 0
4121 2 0
4122 10 0
4123 4 0
4124 3 0
4125 20 0
4126 2 0
4128 63 0
4130 14 0
4131 18 0
4132 3 0
4134 14 0
4135 2 0
4136 20 0
4137 4 0
4138 2 0
4140 91 0
4141 2 0
4142 4 0
4143 2 0
4144 37 0
4145 2 0
4146 4 0
4147 4 0
4148 10 0
4149 3 0
4150 10 0
4151 2 0
4152 20 0
4154 4 0
4155 4 0
4156 3 0
4158 73 0
4160 104 0
4161 4 0
4162 2 0
4163 2 0
4164 10 0
4165 10 0
4166 2 0
4167 3 0
4168 6 0
4169 2 0
4170 14 0
4171 2 0
4172 10 0
4173 4 0
4174 2 0
4175 3 0
4176 97 0
4178 2 0
4179 4 0
4180 35 0
4181 2 0
4182 14 0
4183 2 0
4184 6 0
4185 20 0
4186 14 0
4187 2 0
4188 10 0
4189 2 0
4190 4 0
4191 4 0
4192 18 0
4193 2 0
4194 10 0
4195 2 0
4196 3 0
4197 2 0
4198 2 0
4199 4 0
4200 197 0
4202 4 0
4203 3 0
4204 3 0
4205 3 0
4206 4 0
4207 2 0
4208 11 0
4209 4 0
4210 4 0
4212 97 0
4213 2 0
4214 10 0
4215 4 0
4216 20 0
4218 14 0
4220 10 0
4221 10 0
4222 2 0
4223 2 0
4224 164 0
4225 8 0
4226 2 0
4227 2 0
4228 10 0
4230 35 0
4232 15 0
4233 4 0
4234 4 0
4235 10 0
4236 10 0
4237 2 0
4238 4 0
4239 6 0
4240 37 0
4242 14 0
4244 3 0
4245 4 0
4246 4 0
4247 2 0
4248 51 0
4249 2 0
4250 20 0
4251 4 0
4252 3 0
4254 4 0
4255 4 0
4256 63 0
4257 10 0
4258 2 0
4260 35 0
4262 2 0
4263 10 0
4264 20 0
4265 2 0
4266 20 0
4267 2 0
4268 10 0
4269 2 0
4270 14 0
4272 37 0
4274 2 0
4275 25 0
4276 3 0
4277 4 0
4278 14 0
4279 2 0
4280 20 0
4281 2 0
4282 2 0
4284 91 0
4285 2 0
4286 2 0
4287 2 0
4288 29 0
4290 51 0
4291 2 0
4292 10 0
4293 11 0
4294 4 0
4295 2 0
4296 20 0
4298 4 0
4299 2 0
4300 25 0
4301 4 0
4302 10 0
4303 2 0
4304 11 0
4305 14 0
4306 2 0
4307 2 0
4308 10 0
4309 2 0
4310 4 0
4311 3 0
4312 51 0
4313 2 0
4314 4 0
4315 2 0
4316 10 0
4317 2 0
4318 4 0
4319 2 0
4320 381 0
4321 2 0
4322 2 0
4323 4 0
4324 10 0
4325 3 0
4326 14 0
4328 6 0
4329 10 0
4330 4 0
4331 2 0
4332 25 0
4333 2 0
4334 4 0
4335 10 0
4336 11 0
4338 10 0
4340 35 0
4341 2 0
4342 4 0
4343 2 0
4344 20 0
4345 4 0
4346 4 0
4347 20 0
4348 3 0
4350 35 0
4351 2 0
4352 66 0
4353 2 0
4354 4 0
4355 4 0
4356 65 0
4358 2 0
4359 2 0
4360 20 0
4361 3 0
4362 4 0
4364 3 0
4365 10 0
4366 4 0
4367 2 0
4368 140 0
4369 2 0
4370 14 0
4371 4 0
4372 3 0
4374 44 0
4375 11 0
4376 6 0
4377 2 0
4378 4 0
4379 2 0
4380 35 0
4381 2 0
4382 4 0
4383 3 0
4384 18 0
4385 2 0
4386 14 0
4387 2 0
4388 3 0
4389 14 0
4390 4 0
4392 51 0
4393 2 0
4394 6 0
4395 4 0
4396 10 0
4398 4 0
4399 2 0
4400 97 0
4401 6 0
4402 4 0
4403 4 0
4404 10 0
4405 2 0
4406 2 0
4407 4 0
4408 20 0
4410 91 0
4411 2 0
4412 3 0
4413 2 0
4414 2 0
4415 2 0
4416 104 0
4417 2 0
4418 3 0
4419 3 0
4420 35 0
4422 14 0
4424 20 0
4425 10 0
4426 2 0
4427 2 0
4428 51 0
4429 2 0
4430 4 0
4431 4 0
4432 11 0
4433 4 0
4434 4 0
4435 2 0
4436 3 0
4437 10 0
4438 4 0
4439 2 0
4440 73 0
4442 2 0
4443 2 0
4444 10 0
4445 4 0
4446 35 0
4448 18 0
4449 2 0
4450 10 0
4452 35 0
4453 2 0
4454 4 0
4455 37 0
4456 6 0
4458 4 0
4459 6 0
4460 10 0
4461 2 0
4462 4 0
4464 97 0
4465 4 0
4466 14 0
4467 2 0
4468 3 0
4469 2 0
4470 14 0
4471 2 0
4472 20 0
4473 10 0
4474 2 0
4475 3 0
4476 10 0
4477 3 0
4478 2 0
4479 2 0
4480 164 0
4482 20 0
4484 10 0
4485 14 0
4486 2 0
4487 2 0
4488 73 0
4489 2 0
4490 4 0
4491 3 0
4492 3 0
4494 14 0
4495 4 0
4496 11 0
4497 2 0
4498 4 0
4499 2 0
4500 136 0
4501 2 0
4502 2 0
4503 4 0
4504 6 0
4505 4 0
4506 4 0
4508 25 0
4509 6 0
4510 14 0
4511 2 0
4512 63 0
4514 4 0
4515 14 0
4516 3 0
4518 10 0
4520 20 0
4521 4 0
4522 14 0
4524 35 0
4525 3 0
4526 4 0
4527 3 0
4528 11 0
4529 2 0
4530 14 0
4531 2 0
4532 10 0
4533 2 0
4534 2 0
4535 2 0
4536 211 0
4537 2 0
4538 2 0
4539 4 0
4540 10 0
4541 2 0
4542 4 0
4543 4 0
4544 29 0
4545 10 0
4546 2 0
4548 10 0
4550 35 0
4551 4 0
4552 6 0
4553 2 0
4554 35 0
4555 2 0
4556 10 0
4557 10 0
4558 4 0
4559 2 0
4560 140 0
4562 2 0
4563 15 0
4564 10 0
4565 4 0
4566 4 0
4568 6 0
4569 2 0
4570 4 0
4571 2 0
4572 25 0
4573 2 0
4574 2 0
4575 10 0
4576 63 0
4577 2 0
4578 14 0
4579 2 0
4580 10 0
4581 3 0
4582 4 0
4584 20 0
4585 4 0
4586 2 0
4587 4 0
4588 10 0
4589 2 0
4590 73 0
4592 37 0
4593 2 0
4594 2 0
4595 2 0
4596 10 0
4598 10 0
4599 10 0
4600 51 0
4601 2 0
4602 14 0
4604 3 0
4605 4 0
4606 10 0
4607 2 0
4608 266 0
4609 2 0
4610 4 0
4611 4 0
4612 3 0
4613 2 0
4614 4 0
4615 4 0
4616 6 0
4617 18 0
4618 2 0
4619 2 0
4620 134 0
4622 2 0
4623 4 0
4624 28 0
4625 6 0
4626 10 0
4627 2 0
4628 10 0
4629 2 0
4630 4 0
4631 2 0
4632 20 0
4633 2 0
4634 4 0
4635 10 0
4636 10 0
4638 4 0
4640 63 0
4641 14 0
4642 4 0
4644 51 0
4645 2 0
4646 4 0
4647 2 0
4648 20 0
4650 35 0
4652 3 0
4653 10 0
4654 4 0
4655 10 0
4656 37 0
4658 4 0
4659 2 0
4660 10 0
4661 2 0
4662 35 0
4664 20 0
4665 4 0
4666 2 0
4667 2 0
4668 10 0
4669 4 0
4670 4 0
4671 6 0
4672 29 0
4674 14 0
4675 10 0
4676 10 0
4677 2 0
4678 2 0
4680 197 0
4681 2 0
4682 2 0
4683 4 0
4684 3 0
4685 2 0
4686 14 0
4687 2 0
4688 11 0
4689 3 0
4690 14 0
4692 35 0
4693 3 0
4694 2 0
4695 4 0
4696 6 0
4697 4 0
4698 37 0
4699 2 0
4700 25 0
4701 2 0
4702 2 0
4704 170 0
4705 2 0
4706 4 0
4707 3 0
4708 10 0
4709 2 0
4710 14 0
4711 2 0
4712 20 0
4713 2 0
4714 2 0
4715 4 0
4716 25 0
4717 2 0
4718 4 0
4719 10 0
4720 37 0
4722 4 0
4724 3 0
4725 51 0
4726 4 0
4727 2 0
4728 20 0
4730 14 0
4731 4 0
4732 25 0
4734 10 0
4735 2 0
4736 44 0
4737 2 0
4738 4 0
4739 2 0
4740 35 0
4741 2 0
4742 2 0
4743 10 0
4744 6 0
4745 4 0
4746 14 0
4747 2 0
4748 3 0
4749 2 0
4750 20 0
4752 211 0
4753 3 0
4754 2 0
4755 4 0
4756 10 0
4757 2 0
4758 14 0
4760 73 0
4761 8 0
4762 2 0
4763 2 0
4764 10 0
4765 2 0
4766 2 0
4767 4 0
4768 18 0
4769 2 0
4770 35 0
4771 2 0
4772 3 0
4773 4 0
4774 14 0
4775 3 0
4776 20 0
4777 2 0
4778 2 0
4779 11 0
4780 10 0
4781 2 0
4782 4 0
4784 37 0
4785 14 0
4786 2 0
4788 91 0
4790 4 0
4791 2 0
4792 6 0
4794 14 0
4795 4 0
4796 10 0
4797 10 0
4798 2 0
4800 288 0
4802 11 0
4803 2 0
4804 3 0
4805 3 0
4806 20 0
4807 4 0
4808 6 0
4809 4 0
4810 14 0
4811 2 0
4812 10 0
4814 4 0
4815 10 0
4816 37 0
4818 14 0
4819 2 0
4820 10 0
4821 2 0
4822 2 0
4823 4 0
4824 51 0
4825 3 0
4826 4 0
4827 2 0
4828 10 0
4829 2 0
4830 51 0
4832 18 0
4833 6 0
4834 2 0
4835 2 0
4836 35 0
4837 2 0
4838 4 0
4839 2 0
4840 51 0
4841 2 0
4842 10 0
4843 2 0
4844 10 0
4845 14 0
4846 2 0
4847 2 0
4848 37 0
4849 2 0
4850 10 0
4851 25 0
4852 3 0
4853 2 0
4854 4 0
4855 2 0
4856 6 0
4857 2 0
4858 4 0
4859 2 0
4860 170 0
4862 14 0
4863 2 0
4864 66 0
4865 4 0
4866 4 0
4867 2 0
4868 3 0
4869 3 0
4870 4 0
4872 73 0
4873 2 0
4874 2 0
4875 20 0
4876 10 0
4878 10 0
4879 4 0
4880 37 0
4881 2 0
4882 2 0
4883 2 0
4884 35 0
4885 2 0
4886 4 0
4887 6 0
4888 20 0
4890 14 0
4891 2 0
4892 3 0
4893 4 0
4894 2 0
4895 4 0
4896 170 0
4897 2 0
4898 4 0
4899 4 0
4900 65 0
4901 3 0
4902 14 0
4904 6 0
4905 10 0
4906 4 0
4907 2 0
4908 10 0
4910 4 0
4911 2 0
4912 11 0
4913 2 0
4914 73 0
4915 2 0
4916 3 0
4917 4 0
4918 2 0
4920 73 0
4921 4 0
4922 4 0
4923 3 0
4924 3 0
4925 3 0
4926 4 0
4927 2 0
4928 104 0
4929 4 0
4930 14 0
4932 25 0
4934 2 0
4935 14 0
4936 6 0
4938 4 0
4939 2 0
4940 35 0
4941 11 0
4942 4 0
4944 37 0
4945 4 0
4946 2 0
4947 4 0
4948 3 0
4949 3 0
4950 91 0
4952 6 0
4953 4 0
4954 2 0
4955 2 0
4956 35 0
4958 4 0
4959 10 0
4960 63 0
4961 3 0
4962 4 0
4963 2 0
4964 10 0
4965 4 0
4966 4 0
4968 108 0
4970 14 0
4971 2 0
4972 10 0
4974 4 0
4975 3 0
4976 11 0
4977 10 0
4978 4 0
4979 2 0
4980 35 0
4981 2 0
4982 4 0
4983 4 0
4984 20 0
4985 2 0
4986 10 0
4988 10 0
4989 2 0
4990 4 0
4991 4 0
4992 164 0
4994 4 0
4995 20 0
4996 3 0
4997 2 0
4998 35 0
5000 56 0
