6001 2 0
6002 2 0
6003 10 0
6004 10 0
6005 2 0
6006 51 0
6008 6 0
6009 2 0
6010 4 0
6012 25 0
6013 2 0
6014 4 0
6015 4 0
6016 44 0
6017 2 0
6018 14 0
6019 2 0
6020 35 0
6021 6 0
6022 2 0
6023 2 0
6024 20 0
6025 3 0
6026 4 0
6027 10 0
6028 10 0
6030 35 0
6031 2 0
6032 37 0
6033 2 0
6034 4 0
6035 4 0
6036 10 0
6038 2 0
6039 10 0
6040 20 0
6041 2 0
6042 14 0
6044 3 0
6045 14 0
6046 2 0
6048 381 0
6049 2 0
6050 25 0
6051 2 0
6052 10 0
6054 4 0
6055 4 0
6056 6 0
6057 3 0
6058 4 0
6059 2 0
6060 35 0
6061 4 0
6062 4 0
6063 4 0
6064 11 0
6065 2 0
6066 10 0
6068 10 0
6069 10 0
6070 4 0
6071 2 0
6072 73 0
6074 2 0
6075 46 0
6076 25 0
6077 2 0
6078 4 0
6080 104 0
6081 2 0
6082 2 0
6083 4 0
6084 65 0
6085 2 0
6086 4 0
6087 2 0
6088 6 0
6090 51 0
6092 3 0
6093 3 0
6094 4 0
6095 4 0
6096 37 0
6097 4 0
6098 2 0
6099 4 0
6100 25 0
6102 20 0
6103 2 0
6104 20 0
6105 14 0
6106 4 0
6107 2 0
6108 10 0
6109 2 0
6110 14 0
6111 10 0
6112 18 0
6114 4 0
6115 2 0
6116 10 0
6117 2 0
6118 14 0
6119 2 0
6120 197 0
6122 2 0
6123 4 0
6124 3 0
6125 15 0
6126 4 0
6127 2 0
6128 11 0
6129 6 0
6130 4 0
6132 35 0
6134 2 0
6135 4 0
6136 20 0
6137 3 0
6138 35 0
6139 2 0
6140 10 0
6141 4 0
6142 4 0
6144 194 0
6145 2 0
6146 4 0
6147 3 0
6148 10 0
6149 4 0
6150 35 0
6152 6 0
6153 4 0
6154 4 0
6155 2 0
6156 97 0
6157 2 0
6158 2 0
6159 2 0
6160 140 0
6161 2 0
6162 14 0
6164 10 0
6165 10 0
6166 2 0
6167 2 0
6168 20 0
6169 2 0
6170 4 0
6171 10 0
6172 3 0
6174 51 0
6175 10 0
6176 18 0
6177 4 0
6178 2 0
6179 2 0
6180 35 0
6181 2 0
6182 4 0
6183 6 0
6184 6 0
6185 2 0
6186 4 0
6187 2 0
6188 35 0
6189 2 0
6190 4 0
6191 2 0
6192 97 0
6193 2 0
6194 4 0
6195 14 0
6196 3 0
6198 4 0
6200 51 0
6201 10 0
6202 4 0
6204 35 0
6205 4 0
6206 4 0
6207 2 0
6208 29 0
6209 2 0
6210 73 0
6212 3 0
6213 4 0
6214 4 0
6215 4 0
6216 73 0
6218 2 0
6219 3 0
6220 10 0
6222 14 0
6223 3 0
6224 11 0
6225 10 0
6226 4 0
6227 2 0
6228 25 0
6230 14 0
6231 4 0
6232 20 0
6233 2 0
6234 4 0
6235 4 0
6236 3 0
6237 37 0
6238 2 0
6239 2 0
6240 249 0
6241 2 0
6242 2 0
6243 2 0
6244 10 0
6245 2 0
6246 10 0
6248 20 0
6249 2 0
6250 18 0
6251 4 0
6252 10 0
6253 3 0
6254 4 0
6255 10 0
6256 37 0
6258 14 0
6259 2 0
6260 10 0
6261 2 0
6262 4 0
6264 108 0
6265 4 0
6266 4 0
6267 2 0
6268 3 0
6270 51 0
6272 117 0
6273 10 0
6274 2 0
6275 3 0
6276 10 0
6278 4 0
6279 14 0
6280 20 0
6281 2 0
6282 10 0
6283 2 0
6284 3 0
6285 4 0
6286 4 0
6288 37 0
6289 2 0
6290 14 0
6291 6 0
6292 25 0
6293 4 0
6294 4 0
6295 2 0
6296 6 0
6297 2 0
6298 4 0
6300 248 0
6302 4 0
6303 4 0
6304 18 0
6305 4 0
6306 4 0
6307 4 0
6308 10 0
6309 3 0
6310 4 0
6312 20 0
6313 2 0
6314 14 0
6315 4 0
6316 3 0
6318 63 0
6319 2 0
6320 37 0
6321 10 0
6322 4 0
6324 35 0
6325 10 0
6326 2 0
6327 10 0
6328 20 0
6330 14 0
6331 2 0
6332 3 0
6333 2 0
6334 2 0
6335 4 0
6336 288 0
6338 2 0
6339 2 0
6340 10 0
6341 2 0
6342 14 0
6344 20 0
6345 20 0
6346 4 0
6347 2 0
6348 25 0
6349 2 0
6350 10 0
6351 4 0
6352 11 0
6354 10 0
6355 4 0
6356 10 0
6357 4 0
6358 10 0
6360 73 0
6362 2 0
6363 10 0
6364 10 0
6365 4 0
6366 4 0
6368 18 0
6369 4 0
6370 35 0
6371 2 0
6372 51 0
6374 2 0
6375 20 0
6376 6 0
6377 2 0
6378 4 0
6380 35 0
6381 3 0
6382 2 0
6383 2 0
6384 140 0
6385 2 0
6386 4 0
6387 2 0
6388 3 0
6390 35 0
6391 4 0
6392 20 0
6393 2 0
6394 4 0
6395 2 0
6396 35 0
6398 4 0
6399 11 0
6400 180 0
6401 2 0
6402 14 0
6403 2 0
6404 3 0
6405 14 0
6406 2 0
6407 2 0
6408 51 0
6409 4 0
6410 4 0
6411 2 0
6412 10 0
6413 3 0
6414 4 0
6415 2 0
6416 11 0
6417 10 0
6418 2 0
6419 3 0
6420 35 0
6422 10 0
6423 2 0
6424 20 0
6425 3 0
6426 73 0
6428 3 0
6429 2 0
6430 4 0
6431 2 0
6432 63 0
6433 2 0
6434 2 0
6435 35 0
6436 3 0
6437 2 0
6438 14 0
6439 2 0
6440 73 0
6441 4 0
6442 2 0
6443 2 0
6444 25 0
6445 2 0
6446 4 0
6447 4 0
6448 37 0
6450 35 0
6452 3 0
6453 6 0
6454 4 0
6455 2 0
6456 20 0
6457 2 0
6458 2 0
6459 2 0
6460 35 0
6461 4 0
6462 10 0
6463 2 0
6464 29 0
6465 4 0
6466 4 0
6467 2 0
6468 91 0
6470 4 0
6471 3 0
6472 6 0
6474 14 0
6475 10 0
6476 3 0
6477 4 0
6478 4 0
6479 4 0
6480 423 0
6482 4 0
6483 2 0
6484 3 0
6485 2 0
6486 14 0
6487 2 0
6488 6 0
6489 10 0
6490 14 0
6492 10 0
6493 2 0
6494 4 0
6495 4 0
6496 63 0
6497 2 0
6498 25 0
6499 2 0
6500 51 0
6501 4 0
6502 2 0
6503 2 0
6504 20 0
6505 2 0
6506 2 0
6507 6 0
6508 3 0
6509 2 0
6510 51 0
6511 2 0
6512 37 0
6513 4 0
6514 2 0
6515 2 0
6516 25 0
6517 6 0
6518 2 0
6519 4 0
6520 20 0
6522 4 0
6523 2 0
6524 10 0
6525 25 0
6526 4 0
6527 2 0
6528 164 0
6530 4 0
6531 4 0
6532 10 0
6533 2 0
6534 51 0
6535 2 0
6536 20 0
6537 2 0
6538 4 0
6539 2 0
6540 35 0
6541 2 0
6542 2 0
6543 3 0
6544 11 0
6545 14 0
6546 4 0
6548 3 0
6549 4 0
6550 10 0
6552 197 0
6554 4 0
6555 14 0
6556 10 0
6557 2 0
6558 4 0
6559 2 0
6560 63 0
6561 21 0
6562 4 0
6564 10 0
6565 4 0
6566 10 0
6567 4 0
6568 6 0
6570 35 0
6572 10 0
6573 4 0
6574 4 0
6575 3 0
6576 37 0
6578 14 0
6579 10 0
6580 35 0
6582 4 0
6583 2 0
6584 6 0
6585 4 0
6586 4 0
6587 2 0
6588 51 0
6589 2 0
6590 4 0
6591 6 0
6592 29 0
6593 2 0
6594 14 0
6595 2 0
6596 10 0
6597 3 0
6598 2 0
6600 197 0
6601 4 0
6602 2 0
6603 4 0
6604 10 0
6605 2 0
6606 10 0
6608 37 0
6609 2 0
6610 4 0
6611 2 0
6612 35 0
6613 2 0
6614 2 0
6615 51 0
6616 6 0
6617 2 0
6618 4 0
6620 10 0
6621 2 0
6622 14 0
6623 2 0
6624 170 0
6625 6 0
6626 2 0
6627 3 0
6628 3 0
6629 2 0
6630 51 0
6631 2 0
6632 6 0
6633 10 0
6634 4 0
6635 2 0
6636 35 0
6638 2 0
6639 2 0
6640 37 0
6641 2 0
6642 37 0
6643 4 0
6644 10 0
6645 4 0
6646 2 0
6647 3 0
6648 20 0
6649 2 0
6650 35 0
6651 3 0
6652 3 0
6654 4 0
6655 6 0
6656 96 0
6657 4 0
6658 2 0
6660 91 0
6662 2 0
6663 2 0
6664 51 0
6665 4 0
6666 14 0
6667 2 0
6668 3 0
6669 20 0
6670 14 0
6671 2 0
6672 37 0
6674 4 0
6675 10 0
6676 3 0
6677 2 0
6678 35 0
6680 20 0
6681 4 0
6682 4 0
6683 2 0
6684 10 0
6685 4 0
6686 2 0
6687 3 0
6688 63 0
6690 14 0
6692 10 0
6693 4 0
6694 2 0
6695 4 0
6696 108 0
6697 2 0
6698 4 0
6699 14 0
6700 25 0
6702 4 0
6704 11 0
6705 10 0
6706 4 0
6707 2 0
6708 35 0
6710 14 0
6711 2 0
6712 6 0
6713 3 0
6714 10 0
6715 4 0
6716 10 0
6717 2 0
6718 2 0
6720 425 0
6721 4 0
6722 2 0
6723 11 0
6724 8 0
6725 3 0
6726 14 0
6727 3 0
6728 15 0
6729 2 0
6730 4 0
6731 2 0
6732 91 0
6734 14 0
6735 4 0
6736 11 0
6738 4 0
6739 2 0
6740 10 0
6741 10 0
6742 2 0
6743 2 0
6744 20 0
6745 4 0
6746 2 0
6747 4 0
6748 10 0
6749 2 0
6750 108 0
6751 2 0
6752 18 0
6753 2 0
6754 4 0
6755 4 0
6756 10 0
6757 2 0
6758 4 0
6759 3 0
6760 51 0
6762 35 0
6764 10 0
6765 14 0
6766 4 0
6767 2 0
6768 97 0
6769 2 0
6770 4 0
6771 4 0
6772 3 0
6773 2 0
6774 4 0
6775 3 0
6776 51 0
6777 6 0
6778 2 0
6780 35 0
6782 2 0
6783 14 0
6784 44 0
6785 4 0
6786 35 0
6787 2 0
6788 3 0
6789 4 0
6790 14 0
6792 20 0
6794 4 0
6795 10 0
6796 3 0
6797 2 0
6798 14 0
6799 2 0
6800 97 0
6801 2 0
6802 4 0
6804 170 0
6805 2 0
6806 4 0
6807 2 0
6808 20 0
6809 2 0
6810 14 0
6811 3 0
6812 10 0
6813 3 0
6814 2 0
6815 4 0
6816 63 0
6817 2 0
6818 4 0
6819 2 0
6820 35 0
6821 2 0
6822 10 0
6824 6 0
6825 35 0
6826 2 0
6828 10 0
6830 4 0
6831 20 0
6832 37 0
6834 14 0
6835 2 0
6836 3 0
6837 4 0
6838 4 0
6839 2 0
6840 197 0
6842 4 0
6843 2 0
6844 10 0
6845 3 0
6846 14 0
6847 2 0
6848 29 0
6849 3 0
6850 10 0
6851 4 0
6852 10 0
6853 4 0
6854 4 0
6855 4 0
6856 6 0
6858 20 0
6859 2 0
6860 51 0
6861 2 0
6862 4 0
6864 140 0
6865 2 0
6866 2 0
6867 10 0
6868 10 0
6870 14 0
6872 6 0
6873 4 0
6874 4 0
6875 11 0
6876 25 0
6877 3 0
6878 4 0
6879 2 0
6880 63 0
6881 2 0
6882 14 0
6884 3 0
6885 37 0
6886 4 0
6887 2 0
6888 73 0
6889 2 0
6890 14 0
6891 2 0
6892 3 0
6893 2 0
6894 10 0
6895 4 0
6896 11 0
6897 10 0
6898 2 0
6900 91 0
6901 2 0
6902 14 0
6903 10 0
6904 6 0
6905 2 0
6906 4 0
6908 10 0
6909 10 0
6910 4 0
6912 400 0
6913 2 0
6914 2 0
6915 4 0
6916 35 0
6918 4 0
6919 4 0
6920 20 0
6921 3 0
6922 2 0
6923 4 0
6924 10 0
6925 3 0
6926 2 0
6927 2 0
6928 11 0
6929 3 0
6930 134 0
6931 2 0
6932 3 0
6933 2 0
6934 2 0
6935 4 0
6936 51 0
6937 2 0
6938 2 0
6939 6 0
6940 10 0
6941 2 0
6942 14 0
6943 2 0
6944 63 0
6945 4 0
6946 4 0
6948 25 0
6950 10 0
6951 4 0
6952 20 0
6953 2 0
6954 14 0
6955 4 0
6956 10 0
6957 3 0
6958 10 0
6960 140 0
6962 3 0
6963 4 0
6964 3 0
6965 4 0
6966 37 0
6968 20 0
6969 4 0
6970 14 0
6972 35 0
6973 2 0
6974 4 0
6975 25 0
6976 29 0
6978 4 0
6979 2 0
6980 10 0
6981 4 0
6982 2 0
6984 51 0
6985 4 0
6986 4 0
6987 4 0
6988 3 0
6989 2 0
6990 14 0
6992 37 0
6993 20 0
6994 4 0
6995 2 0
6996 35 0
6998 2 0
6999 2 0
7000 108 0
7002 10 0
7003 2 0
7004 10 0
7005 4 0
7006 4 0
7007 10 0
7008 63 0
7009 2 0
7010 4 0
7011 10 0
7012 3 0
7014 14 0
7015 4 0
7016 6 0
7017 2 0
7018 10 0
7020 197 0
7021 4 0
7022 2 0
7023 2 0
7024 11 0
7025 3 0
7026 4 0
7028 10 0
7029 10 0
7030 14 0
7031 2 0
7032 20 0
7033 2 0
7034 2 0
7035 14 0
7036 3 0
7037 2 0
7038 35 0
7040 164 0
7041 2 0
7042 4 0
7044 10 0
7045 2 0
7046 4 0
7047 18 0
7048 6 0
7049 4 0
7050 35 0
7051 2 0
7052 10 0
7053 2 0
7054 2 0
7055 4 0
7056 268 0
7058 2 0
7059 4 0
7060 10 0
7061 2 0
7062 14 0
7063 2 0
7064 6 0
7065 10 0
7066 2 0
7067 2 0
7068 35 0
7070 14 0
7071 2 0
7072 63 0
7073 2 0
7074 20 0
7075 3 0
7076 10 0
7077 4 0
7078 2 0
7080 73 0
7081 2 0
7082 2 0
7083 3 0
7084 35 0
7085 4 0
7086 4 0
7087 2 0
7088 11 0
7089 4 0
7090 4 0
7091 2 0
7092 25 0
7093 2 0
7094 2 0
7095 14 0
7096 6 0
7097 2 0
7098 35 0
7099 2 0
7100 25 0
7101 6 0
7102 4 0
7104 104 0
7105 10 0
7106 14 0
7107 4 0
7108 3 0
7110 35 0
7111 2 0
7112 20 0
7113 2 0
7114 2 0
7115 2 0
7116 10 0
7117 2 0
7118 2 0
7119 10 0
7120 37 0
7122 4 0
7123 2 0
7124 10 0
7125 20 0
7126 4 0
7128 211 0
7130 14 0
7131 2 0
7132 3 0
7133 2 0
7134 14 0
7135 2 0
7136 18 0
7137 10 0
7138 4 0
7139 3 0
7140 134 0
7141 2 0
7142 2 0
7143 2 0
7144 20 0
7145 2 0
7146 10 0
7147 2 0
7148 3 0
7149 2 0
7150 35 0
7152 37 0
7153 2 0
7154 10 0
7155 20 0
7156 3 0
7157 2 0
7158 4 0
7160 20 0
7161 14 0
7162 2 0
7163 4 0
7164 25 0
7165 2 0
7166 2 0
7167 2 0
7168 138 0
7169 2 0
7170 14 0
7171 2 0
7172 10 0
7173 3 0
7174 4 0
7175 10 0
7176 73 0
7178 4 0
7179 2 0
7180 10 0
7181 2 0
7182 73 0
7183 2 0
7184 11 0
7185 4 0
7186 2 0
7188 10 0
7189 4 0
7190 4 0
7191 10 0
7192 20 0
7194 14 0
7195 2 0
7196 10 0
7197 2 0
7198 4 0
7199 2 0
7200 483 0
7201 2 0
7202 4 0
7203 11 0
7204 3 0
7205 4 0
7206 4 0
7208 20 0
7209 11 0
7210 14 0
7212 10 0
7214 2 0
7215 14 0
7216 37 0
7217 2 0
7218 10 0
7220 25 0
7221 4 0
7222 4 0
7223 2 0
7224 73 0
7225 8 0
7226 2 0
7227 10 0
7228 10 0
7230 14 0
7231 2 0
7232 29 0
7233 2 0
7234 2 0
7235 2 0
7236 51 0
7238 14 0
7239 4 0
7240 20 0
7241 2 0
7242 14 0
7244 3 0
7245 35 0
7246 2 0
7248 37 0
7249 2 0
7250 20 0
7251 2 0
7252 25 0
7254 35 0
7255 2 0
7256 6 0
7257 4 0
7258 4 0
7259 4 0
7260 91 0
7261 2 0
7262 2 0
7263 6 0
7264 18 0
7265 2 0
7266 14 0
7267 3 0
7268 10 0
7269 2 0
7270 4 0
7271 2 0
7272 51 0
7273 2 0
7274 2 0
7275 10 0
7276 10 0
7277 2 0
7278 4 0
7279 2 0
7280 140 0
7281 3 0
7282 4 0
7284 10 0
7285 4 0
7286 2 0
7287 4 0
7288 6 0
7289 2 0
7290 104 0
7291 2 0
7292 3 0
7293 14 0
7294 4 0
7295 2 0
7296 164 0
7298 4 0
7299 3 0
7300 25 0
7301 3 0
7302 4 0
7303 2 0
7304 20 0
7305 4 0
7306 4 0
7308 91 0
7310 14 0
7311 2 0
7312 11 0
7313 2 0
7314 14 0
7315 14 0
7316 10 0
7317 6 0
7318 2 0
7319 2 0
7320 73 0
7322 4 0
7323 2 0
7324 3 0
7325 3 0
7326 35 0
7327 2 0
7328 18 0
7329 4 0
7330 4 0
7332 35 0
7334 4 0
7335 10 0
7336 20 0
7337 4 0
7338 4 0
7339 2 0
7340 10 0
7341 2 0
7342 2 0
7343 2 0
7344 211 0
7345 4 0
7346 2 0
7347 4 0
7348 10 0
7350 91 0
7352 6 0
7353 10 0
7354 2 0
7355 2 0
7356 10 0
7357 2 0
7358 4 0
7359 4 0
7360 104 0
7361 2 0
7362 10 0
7363 2 0
7364 10 0
7365 4 0
7366 4 0
7367 2 0
7368 20 0
7370 14 0
7371 37 0
7372 10 0
7373 2 0
7374 4 0
7375 6 0
7376 11 0
7377 2 0
7378 14 0
7379 2 0
7380 91 0
7381 3 0
7382 2 0
7383 4 0
7384 20 0
7385 4 0
7386 4 0
7387 2 0
7388 3 0
7389 3 0
7390 4 0
7391 2 0
7392 249 0
7394 2 0
7395 14 0
7396 8 0
7397 2 0
7398 20 0
7399 3 0
7400 51 0
7401 2 0
7402 2 0
7403 2 0
7404 10 0
7405 2 0
7406 10 0
7407 3 0
7408 11 0
7409 2 0
7410 51 0
7412 10 0
7413 4 0
7414 4 0
7415 2 0
7416 51 0
7418 2 0
7419 2 0
7420 35 0
7421 2 0
7422 4 0
7423 2 0
7424 66 0
7425 51 0
7426 4 0
7427 2 0
7428 10 0
7429 4 0
7430 4 0
7431 2 0
7432 6 0
7434 35 0
7435 2 0
7436 25 0
7437 4 0
7438 2 0
7439 2 0
7440 140 0
7441 2 0
7442 3 0
7443 3 0
7444 3 0
7445 2 0
7446 14 0
7447 2 0
7448 51 0
7449 4 0
7450 10 0
7452 97 0
7453 2 0
7454 2 0
7455 14 0
7456 18 0
7458 14 0
7460 10 0
7461 3 0
7462 14 0
7463 2 0
7464 20 0
7465 2 0
7466 2 0
7467 4 0
7468 3 0
7469 4 0
7470 35 0
7471 2 0
7472 11 0
7473 4 0
7474 4 0
7475 10 0
7476 35 0
7478 2 0
7479 6 0
7480 73 0
7482 14 0
7483 2 0
7484 3 0
7485 4 0
7486 4 0
7488 288 0
7490 14 0
7491 4 0
7492 3 0
7493 2 0
7494 4 0
7495 2 0
7496 6 0
7497 25 0
7498 4 0
7500 97 0
